0 0.53046875 0.36171875 0.0390625 0.0546875
0 0.496875 0.2640625 0.065625 0.065625
0 0.546875 0.3109375 0.034375 0.059375
0 0.5859375 0.28828125 0.0375 0.0484375
0 0.5609375 0.240625 0.01875 0.040625
0 0.575 0.209375 0.03125 0.04375
0 0.740625 0.11640625 0.034375 0.0453125
0 0.4671875 0.525 0.03125 0.0625
0 0.45703125 0.44453125 0.0515625 0.0609375
0 0.4875 0.57265625 0.021875 0.0328125
0 0.5078125 0.6859375 0.034375 0.05
0 0.48125 0.63828125 0.01875 0.0453125
0 0.50625 0.6 0.025 0.040625
0 0.5546875 0.59765625 0.053125 0.0453125
0 0.559375 0.63203125 0.01875 0.0328125
0 0.60625 0.6671875 0.021875 0.053125
0 0.63203125 0.6390625 0.0265625 0.0625
0 0.65234375 0.61640625 0.0265625 0.0484375
0 0.62265625 0.25 0.0265625 0.04375
0 0.4875 0.34609375 0.021875 0.0453125
0 0.56875 0.81328125 0.03125 0.0640625
0 0.63046875 0.7515625 0.0296875 0.04375
0 0.65078125 0.703125 0.0234375 0.0375
0 0.60625 0.8984375 0.03125 0.05625