0 0.43984375 0.246875 0.0265625 0.046875
0 0.54453125 0.403125 0.04375 0.034375
0 0.44140625 0.71796875 0.0359375 0.0390625
0 0.4828125 0.734375 0.040625 0.0234375
0 0.4625 0.7640625 0.04375 0.03125
0 0.41171875 0.75 0.0453125 0.04375
0 0.31875 0.7578125 0.046875 0.040625
0 0.32890625 0.7890625 0.046875 0.0328125
0 0.39296875 0.8125 0.05 0.03125
0 0.43515625 0.8515625 0.0328125 0.0359375
0 0.37734375 0.85546875 0.05 0.0484375
0 0.64609375 0.87578125 0.040625 0.0359375
0 0.66328125 0.9046875 0.0390625 0.0296875
0 0.453125 0.9453125 0.0484375 0.04375