1 0.42109375 0.1421875 0.0140625 0.021875
1 0.434375 0.1515625 0.021875 0.040625
1 0.4203125 0.1609375 0.015625 0.01875
4 0.54375 0.18046875 0.040625 0.0671875
1 0.50625 0.23203125 0.01875 0.0234375
1 0.515625 0.35390625 0.01875 0.0390625
1 0.52578125 0.409375 0.0203125 0.028125
1 0.44375 0.52109375 0.015625 0.0359375
1 0.49296875 0.57265625 0.0171875 0.0265625
1 0.26640625 0.5546875 0.0140625 0.03125
1 0.35546875 0.57890625 0.0140625 0.0265625
1 0.36640625 0.58984375 0.0140625 0.0265625
1 0.36015625 0.603125 0.0140625 0.021875
1 0.3625 0.6171875 0.0125 0.03125
4 0.1984375 0.62265625 0.015625 0.0359375
1 0.35546875 0.65546875 0.0109375 0.0140625
1 0.35703125 0.6703125 0.0109375 0.01875
1 0.34296875 0.6703125 0.0140625 0.021875
1 0.33984375 0.67421875 0.0109375 0.0140625
4 0.3625 0.6765625 0.04375 0.059375
4 0.21796875 0.6703125 0.0140625 0.021875
4 0.32265625 0.6859375 0.0296875 0.040625
1 0.55 0.709375 0.021875 0.040625
1 0.3421875 0.721875 0.021875 0.03125
4 0.24296875 0.728125 0.0140625 0.021875
1 0.303125 0.74375 0.015625 0.021875
4 0.56640625 0.77421875 0.0234375 0.0359375
4 0.2734375 0.78203125 0.009375 0.0171875
4 0.27421875 0.86484375 0.0109375 0.0140625
4 0.21484375 0.865625 0.0109375 0.01875