0 0.4125 0.2 0.0734375 0.03125
0 0.2390625 0.2734375 0.06875 0.05
0 0.1671875 0.29375 0.1015625 0.0640625
0 0.20546875 0.40546875 0.065625 0.0453125
0 0.13125 0.38828125 0.096875 0.0640625
0 0.19609375 0.45390625 0.06875 0.05625
0 0.29453125 0.55 0.1078125 0.071875
0 0.20078125 0.5984375 0.0921875 0.11875
0 0.37734375 0.84375 0.09375 0.0421875
0 0.4390625 0.86796875 0.0390625 0.0703125
0 0.29375 0.8921875 0.0796875 0.0640625
0 0.3671875 0.87734375 0.0859375 0.078125
0 0.36796875 0.79453125 0.053125 0.0296875
0 0.1578125 0.771875 0.046875 0.028125
0 0.48515625 0.7640625 0.034375 0.028125
0 0.22109375 0.7 0.0421875 0.0296875
0 0.2125 0.49375 0.04375 0.034375
0 0.4203125 0.70859375 0.0515625 0.0359375
0 0.63671875 0.31484375 0.0359375 0.0578125
0 0.36328125 0.7515625 0.040625 0.034375
0 0.159375 0.42265625 0.0421875 0.0375