0 0.2953125 0.6765625 0.028125 0.05
0 0.31796875 0.6390625 0.0359375 0.053125
0 0.33359375 0.61328125 0.0328125 0.0453125
0 0.3453125 0.52578125 0.015625 0.0203125
0 0.3828125 0.49921875 0.021875 0.0578125
0 0.40859375 0.51328125 0.0390625 0.0546875
0 0.62890625 0.73359375 0.0265625 0.0578125
0 0.5578125 0.74765625 0.03125 0.0484375
0 0.46640625 0.76015625 0.0328125 0.0640625
0 0.4578125 0.70859375 0.015625 0.0359375
0 0.48203125 0.66875 0.0359375 0.059375
0 0.46328125 0.678125 0.0234375 0.04375
0 0.46640625 0.63671875 0.0296875 0.0546875
0 0.46015625 0.58046875 0.0078125 0.0390625
0 0.42265625 0.55234375 0.0203125 0.0359375
0 0.4109375 0.5859375 0.025 0.05625
0 0.359375 0.625 0.01875 0.034375
0 0.36640625 0.64453125 0.0140625 0.0390625
0 0.3515625 0.71640625 0.0375 0.0546875
0 0.35078125 0.6609375 0.0359375 0.04375
0 0.4078125 0.6234375 0.028125 0.040625
0 0.38203125 0.63359375 0.0296875 0.0359375
0 0.384375 0.65859375 0.03125 0.0453125
0 0.403125 0.68046875 0.03125 0.0484375
0 0.43671875 0.65546875 0.0421875 0.0328125
0 0.42890625 0.69296875 0.0328125 0.0484375
0 0.39140625 0.72890625 0.0265625 0.0421875
0 0.4265625 0.71953125 0.028125 0.0609375
0 0.375 0.571875 0.034375 0.071875
0 0.6328125 0.6046875 0.028125 0.04375
0 0.4859375 0.58671875 0.01875 0.0359375
0 0.53203125 0.684375 0.0234375 0.040625
0 0.51953125 0.74453125 0.0265625 0.0328125
0 0.3390625 0.578125 0.01875 0.04375
0 0.45390625 0.40078125 0.0265625 0.0328125
0 0.38984375 0.3765625 0.0203125 0.034375
0 0.715625 0.44609375 0.025 0.0484375
0 0.728125 0.35859375 0.03125 0.0578125
0 0.69765625 0.3265625 0.0265625 0.05
0 0.7453125 0.278125 0.021875 0.046875
0 0.6609375 0.1890625 0.0375 0.046875
0 0.596875 0.17421875 0.03125 0.0515625
0 0.6015625 0.2375 0.025 0.046875
0 0.690625 0.14140625 0.03125 0.0484375
0 0.7078125 0.21015625 0.0375 0.0578125
0 0.74140625 0.19453125 0.0296875 0.0484375
0 0.76328125 0.15390625 0.0359375 0.0453125
0 0.73046875 0.15546875 0.0296875 0.0390625
0 0.76796875 0.28203125 0.0265625 0.0484375
0 0.69375 0.4171875 0.028125 0.059375
0 0.496875 0.62265625 0.025 0.0421875
0 0.4671875 0.4703125 0.034375 0.06875
0 0.31328125 0.56796875 0.0296875 0.0484375
0 0.42109375 0.45703125 0.0453125 0.0609375
0 0.6609375 0.15234375 0.025 0.0328125
0 0.38203125 0.1125 0.0234375 0.040625
0 0.34453125 0.12421875 0.0203125 0.0359375
0 0.3640625 0.1015625 0.01875 0.053125
0 0.415625 0.0609375 0.0375 0.025
0 0.459375 0.54453125 0.025 0.0390625