0 0.7765625 0.775 0.015625 0.009375
0 0.72421875 0.7921875 0.0390625 0.0375
0 0.71484375 0.74296875 0.0234375 0.0234375
0 0.75625 0.75625 0.05 0.028125
0 0.8046875 0.7640625 0.046875 0.03125
0 0.78828125 0.8140625 0.0453125 0.046875
0 0.72265625 0.83671875 0.0640625 0.0296875
0 0.6234375 0.840625 0.046875 0.028125
0 0.64765625 0.878125 0.0515625 0.028125
0 0.66875 0.79296875 0.04375 0.0421875
0 0.60390625 0.75078125 0.0453125 0.0359375
0 0.65 0.72109375 0.05625 0.0515625
0 0.7125 0.70546875 0.040625 0.0296875
0 0.721875 0.66484375 0.04375 0.0453125
0 0.671875 0.6265625 0.03125 0.01875
0 0.7140625 0.57265625 0.046875 0.0421875
0 0.8234375 0.50390625 0.040625 0.0328125
0 0.84296875 0.37734375 0.0453125 0.0421875
0 0.78125 0.3640625 0.06875 0.05625
0 0.76640625 0.3140625 0.0546875 0.0375
0 0.76796875 0.196875 0.0421875 0.03125
0 0.653125 0.11015625 0.04375 0.0390625