0 0.5875 0.5984375 0.03125 0.040625
0 0.65 0.5546875 0.05625 0.05
0 0.5609375 0.65703125 0.040625 0.0421875
0 0.63671875 0.678125 0.0609375 0.065625
0 0.6578125 0.71171875 0.046875 0.0546875
0 0.675 0.753125 0.028125 0.046875
0 0.60859375 0.7984375 0.0546875 0.053125
0 0.59609375 0.728125 0.0453125 0.046875
0 0.721875 0.66484375 0.053125 0.0484375
0 0.73515625 0.73203125 0.0265625 0.0328125
0 0.75546875 0.7765625 0.0515625 0.053125
0 0.79765625 0.61796875 0.0171875 0.0390625
0 0.83125 0.57578125 0.046875 0.0421875
0 0.83671875 0.61875 0.0359375 0.053125
0 0.85625 0.65 0.05625 0.06875
0 0.390625 0.20859375 0.046875 0.0578125
0 0.5609375 0.234375 0.028125 0.053125
0 0.60859375 0.2578125 0.0546875 0.05625
0 0.50546875 0.1203125 0.0640625 0.059375
0 0.328125 0.11328125 0.05 0.0421875
0 0.38203125 0.13125 0.0546875 0.05625
0 0.315625 0.19609375 0.025 0.0203125
0 0.25390625 0.2453125 0.0546875 0.053125
0 0.34140625 0.28125 0.0671875 0.0625