2 0.42109375 0.38046875 0.0515625 0.0515625
2 0.45 0.44921875 0.065625 0.065625
2 0.815625 0.46953125 0.059375 0.0578125
2 0.76484375 0.5203125 0.059375 0.0515625
2 0.7984375 0.56640625 0.0515625 0.0546875
2 0.65859375 0.59140625 0.09375 0.084375
2 0.215625 0.6765625 0.0390625 0.0484375
2 0.29375 0.6734375 0.04375 0.04375
2 0.70546875 0.65546875 0.05625 0.053125
2 0.61953125 0.6828125 0.0484375 0.04375
2 0.6171875 0.68984375 0.059375 0.053125
2 0.53515625 0.7015625 0.078125 0.0671875
2 0.41328125 0.71171875 0.0421875 0.040625
2 0.74375 0.71015625 0.0515625 0.0640625
2 0.4171875 0.2640625 0.0984375 0.0671875