0 0.32578125 0.34921875 0.0546875 0.059375
0 0.37578125 0.36015625 0.034375 0.0421875
0 0.45859375 0.39765625 0.0578125 0.06875
0 0.56640625 0.11328125 0.0390625 0.05
0 0.83984375 0.2484375 0.06875 0.053125
0 0.84375 0.18515625 0.0484375 0.0421875
0 0.615625 0.73046875 0.0421875 0.0390625
0 0.4078125 0.60625 0.0375 0.0625
0 0.41484375 0.66640625 0.06875 0.04375
0 0.375 0.62265625 0.0359375 0.053125
0 0.3421875 0.63984375 0.04375 0.053125
0 0.79140625 0.8984375 0.0453125 0.0515625
0 0.68515625 0.89765625 0.0359375 0.0546875