2 0.5421875 0.3625 0.046875 0.046875
2 0.53125 0.4375 0.0625 0.0625
2 0.184375 0.5578125 0.05625 0.053125
2 0.25078125 0.5921875 0.0578125 0.046875
2 0.23046875 0.64609375 0.0484375 0.0515625
2 0.37265625 0.63125 0.0890625 0.078125
2 0.825 0.58984375 0.0375 0.0453125
2 0.75 0.61015625 0.040625 0.0421875
2 0.34453125 0.70546875 0.0515625 0.0484375
2 0.43515625 0.709375 0.0453125 0.040625
2 0.43671875 0.71484375 0.0546875 0.0484375
2 0.521875 0.703125 0.075 0.0625
2 0.64296875 0.6796875 0.0390625 0.0375
2 0.3203125 0.76953125 0.046875 0.0609375
2 0.51484375 0.24921875 0.0953125 0.0609375