0 0.47265625 0.225 0.0640625 0.059375
0 0.4203125 0.303125 0.05 0.028125
0 0.353125 0.33828125 0.0625 0.04375
0 0.421875 0.4203125 0.0578125 0.0609375
0 0.46953125 0.421875 0.0546875 0.05
0 0.76875 0.31328125 0.0671875 0.0546875
0 0.85859375 0.3234375 0.06875 0.059375
0 0.875 0.4421875 0.04375 0.0359375
0 0.7921875 0.46875 0.05 0.0515625
0 0.8671875 0.496875 0.0609375 0.0578125
0 0.93984375 0.50703125 0.05 0.053125
0 0.76640625 0.5375 0.06875 0.040625
0 0.809375 0.5578125 0.053125 0.0328125
0 0.834375 0.596875 0.0546875 0.05625
0 0.80859375 0.640625 0.075 0.0609375
0 0.8578125 0.696875 0.065625 0.0578125
0 0.73828125 0.6296875 0.0765625 0.0578125
0 0.57265625 0.87578125 0.046875 0.053125
0 0.62421875 0.92734375 0.065625 0.0609375
0 0.68984375 0.83125 0.0671875 0.0703125
0 0.640625 0.8453125 0.0421875 0.05625
0 0.40859375 0.5375 0.0765625 0.0765625
0 0.49921875 0.62578125 0.08125 0.075
0 0.6046875 0.634375 0.0875 0.0859375
0 0.690625 0.6859375 0.040625 0.04375
0 0.80546875 0.7546875 0.0375 0.028125
0 0.83515625 0.80859375 0.040625 0.034375
0 0.86328125 0.5609375 0.0515625 0.05
0 0.89609375 0.615625 0.05 0.0546875
0 0.85 0.759375 0.05 0.040625