0 0.6578125 0.4421875 0.04375 0.0296875
0 0.271875 0.921875 0.0890625 0.05
0 0.5578125 0.92734375 0.0578125 0.0515625
0 0.55546875 0.8765625 0.0515625 0.040625
0 0.62890625 0.8671875 0.04375 0.0390625
0 0.6671875 0.84921875 0.053125 0.0375
0 0.584375 0.834375 0.0359375 0.0328125
0 0.62890625 0.7921875 0.0515625 0.0328125
0 0.55234375 0.80234375 0.0484375 0.0515625
0 0.50234375 0.76484375 0.0484375 0.0375
0 0.56328125 0.7421875 0.053125 0.0640625
0 0.4984375 0.73125 0.040625 0.025
0 0.6078125 0.7015625 0.059375 0.05
0 0.634375 0.734375 0.059375 0.0484375
0 0.6015625 0.64296875 0.0765625 0.0515625
0 0.53125 0.63203125 0.0640625 0.0484375
0 0.4640625 0.63359375 0.0859375 0.0484375
0 0.46796875 0.59765625 0.04375 0.025
0 0.5171875 0.54296875 0.0625 0.0421875
0 0.4046875 0.5984375 0.05 0.0453125
0 0.6703125 0.621875 0.059375 0.059375
0 0.69375 0.54921875 0.0671875 0.0390625
0 0.76796875 0.54453125 0.0484375 0.0375
0 0.7203125 0.5796875 0.0640625 0.0484375
0 0.7421875 0.60390625 0.0734375 0.0375
0 0.7296875 0.64453125 0.0703125 0.0515625
0 0.690625 0.69296875 0.1 0.0734375
0 0.62109375 0.56328125 0.0671875 0.0390625
0 0.62265625 0.484375 0.0578125 0.053125
0 0.690625 0.4734375 0.053125 0.04375
0 0.71328125 0.50234375 0.0640625 0.053125
0 0.73046875 0.4296875 0.0671875 0.0484375
0 0.74609375 0.39921875 0.0875 0.0515625
0 0.71875 0.38203125 0.0875 0.05625
0 0.659375 0.3890625 0.084375 0.065625
0 0.63671875 0.34375 0.0921875 0.0609375
0 0.646875 0.2890625 0.0828125 0.04375
0 0.65390625 0.2546875 0.0796875 0.0375
0 0.69921875 0.31953125 0.084375 0.071875
0 0.52421875 0.3203125 0.0828125 0.034375
0 0.45859375 0.2265625 0.1203125 0.0828125
0 0.49296875 0.2875 0.0796875 0.0546875
0 0.2984375 0.29765625 0.090625 0.059375
0 0.28125 0.253125 0.09375 0.071875
0 0.33359375 0.20078125 0.084375 0.053125
0 0.45546875 0.171875 0.0859375 0.059375
0 0.24375 0.45 0.0875 0.05625
0 0.21953125 0.41015625 0.0765625 0.0546875
0 0.4359375 0.734375 0.0578125 0.0421875
0 0.28984375 0.7515625 0.0546875 0.0390625
0 0.37578125 0.884375 0.0453125 0.034375
0 0.375 0.9859375 0.053125 0.028125
0 0.49609375 0.89609375 0.0515625 0.05
0 0.47578125 0.96171875 0.053125 0.0375
0 0.72109375 0.8390625 0.0671875 0.0515625
0 0.790625 0.7390625 0.053125 0.0421875
0 0.77890625 0.7796875 0.046875 0.0421875
0 0.86953125 0.63125 0.046875 0.040625
0 0.15 0.2765625 0.059375 0.040625
0 0.45234375 0.69609375 0.053125 0.046875
0 0.52109375 0.703125 0.0625 0.0390625
0 0.56484375 0.578125 0.0453125 0.0359375
0 0.59296875 0.6046875 0.059375 0.040625
0 0.7953125 0.57734375 0.05 0.046875