0 0.32578125 0.70625 0.0359375 0.053125
0 0.3421875 0.665625 0.04375 0.0578125
0 0.353125 0.63828125 0.0390625 0.05
0 0.3515625 0.55 0.01875 0.021875
0 0.384375 0.5171875 0.03125 0.0609375
0 0.41171875 0.52734375 0.046875 0.059375
0 0.6640625 0.7109375 0.0359375 0.0609375
0 0.59609375 0.7359375 0.0390625 0.053125
0 0.5078125 0.7625 0.0421875 0.06875
0 0.490625 0.7125 0.0203125 0.0375
0 0.50859375 0.66953125 0.0453125 0.0640625
0 0.49140625 0.68203125 0.0296875 0.046875
0 0.48828125 0.640625 0.0375 0.059375
0 0.4734375 0.5859375 0.0140625 0.0390625
0 0.43203125 0.5640625 0.025 0.0390625
0 0.42578125 0.5984375 0.0328125 0.059375
0 0.38046875 0.6453125 0.0234375 0.0375
0 0.390625 0.66328125 0.0203125 0.040625
0 0.3875 0.73671875 0.0453125 0.059375
0 0.378125 0.68203125 0.0421875 0.0484375
0 0.428125 0.63671875 0.034375 0.04375
0 0.4046875 0.65078125 0.034375 0.040625
0 0.4109375 0.675 0.0375 0.05
0 0.4328125 0.69375 0.0390625 0.053125
0 0.46171875 0.66328125 0.046875 0.0390625
0 0.46015625 0.7015625 0.040625 0.053125
0 0.42890625 0.74296875 0.0328125 0.0453125
0 0.46171875 0.728125 0.0375 0.0640625
0 0.3875 0.590625 0.0453125 0.0765625
0 0.64765625 0.5828125 0.034375 0.046875
0 0.5 0.5875 0.0234375 0.0390625
0 0.56015625 0.67734375 0.0296875 0.04375
0 0.5578125 0.73828125 0.03125 0.0359375
0 0.353125 0.60234375 0.025 0.046875
0 0.4390625 0.409375 0.03125 0.0359375
0 0.371875 0.3953125 0.025 0.0375
0 0.7046875 0.41328125 0.0328125 0.0515625
0 0.703125 0.325 0.040625 0.0625
0 0.66796875 0.29765625 0.034375 0.053125
0 0.7078125 0.2421875 0.0296875 0.05
0 0.61015625 0.16796875 0.04375 0.0515625
0 0.54453125 0.16328125 0.0390625 0.05625
0 0.559375 0.225 0.03125 0.05
0 0.63203125 0.115625 0.0390625 0.053125
0 0.66015625 0.18125 0.0453125 0.0625
0 0.690625 0.16015625 0.0375 0.053125
0 0.70625 0.1171875 0.0421875 0.05
0 0.6734375 0.1234375 0.0359375 0.04375
0 0.73046875 0.24296875 0.034375 0.0515625
0 0.678125 0.38828125 0.0375 0.0625
0 0.51640625 0.621875 0.03125 0.0453125
0 0.46328125 0.47578125 0.0453125 0.0734375
0 0.3265625 0.59609375 0.0375 0.053125
0 0.415625 0.46953125 0.0546875 0.0671875
0 0.6046875 0.13125 0.0296875 0.0359375
0 0.32265625 0.1359375 0.0296875 0.04375
0 0.2875 0.153125 0.025 0.0390625
0 0.303125 0.12734375 0.0265625 0.0546875
0 0.34765625 0.0796875 0.040625 0.03125
0 0.4671875 0.55 0.03125 0.0421875