1 0.27578125 0.20859375 0.01875 0.025
1 0.29375 0.2125 0.0296875 0.04375
1 0.28359375 0.2265625 0.01875 0.021875
4 0.4046875 0.1921875 0.0546875 0.075
1 0.3921875 0.25546875 0.025 0.0265625
1 0.45234375 0.36015625 0.0265625 0.0421875
1 0.48359375 0.40625 0.025 0.03125
1 0.45703125 0.54296875 0.021875 0.0375
1 0.52421875 0.56953125 0.021875 0.0296875
1 0.31171875 0.6484375 0.021875 0.0328125
1 0.4015625 0.6328125 0.0203125 0.0296875
1 0.41796875 0.6375 0.0203125 0.0296875
1 0.4171875 0.65234375 0.01875 0.025
1 0.425 0.66484375 0.01875 0.0328125
4 0.278125 0.7390625 0.021875 0.0375
1 0.434375 0.70078125 0.0140625 0.015625
1 0.4421875 0.71484375 0.0140625 0.0203125
1 0.43046875 0.721875 0.01875 0.025
1 0.428125 0.7265625 0.0140625 0.015625
4 0.45078125 0.71875 0.05625 0.0671875
4 0.31640625 0.77265625 0.01875 0.025
4 0.4171875 0.74453125 0.0390625 0.046875
1 0.634375 0.66953125 0.0296875 0.04375
1 0.4515625 0.76796875 0.028125 0.0359375
4 0.36328125 0.81484375 0.01875 0.025
1 0.425 0.80390625 0.021875 0.025
4 0.675 0.7203125 0.0296875 0.040625
4 0.41328125 0.8515625 0.0125 0.0203125
4 0.44921875 0.92734375 0.0140625 0.015625
4 0.396875 0.95234375 0.0140625 0.0203125