0 0.503125 0.23984375 0.0234375 0.0453125
0 0.5671875 0.41640625 0.0421875 0.03125
0 0.38984375 0.69765625 0.034375 0.0375
0 0.4265625 0.7234375 0.040625 0.0203125
0 0.4 0.746875 0.0421875 0.028125
0 0.35390625 0.72109375 0.04375 0.040625
0 0.26171875 0.70625 0.0453125 0.0375
0 0.2640625 0.7390625 0.0453125 0.0296875
0 0.3203125 0.77734375 0.0484375 0.0296875
0 0.35234375 0.82578125 0.03125 0.0328125
0 0.2953125 0.815625 0.046875 0.0453125
0 0.55078125 0.9 0.0390625 0.034375
0 0.56015625 0.93203125 0.0375 0.028125
0 0.346875 0.92109375 0.046875 0.040625