0 0.2375 0.4390625 0.06875 0.046875
0 0.6359375 0.26328125 0.04375 0.0359375
0 0.46484375 0.68515625 0.0328125 0.0359375
0 0.4859375 0.753125 0.040625 0.021875
0 0.38125 0.8265625 0.071875 0.040625
0 0.31484375 0.81640625 0.0421875 0.0390625
0 0.2625 0.85 0.071875 0.059375
0 0.2484375 0.771875 0.040625 0.025
0 0.28828125 0.665625 0.0296875 0.028125
0 0.209375 0.6125 0.046875 0.025
0 0.35625 0.62109375 0.03125 0.0234375
0 0.23359375 0.6796875 0.0359375 0.0375
0 0.13125 0.5390625 0.053125 0.05625
0 0.17265625 0.67578125 0.0421875 0.0359375