0 0.60859375 0.36640625 0.0203125 0.0375
0 0.58046875 0.38203125 0.0359375 0.040625
0 0.60390625 0.39765625 0.0234375 0.034375
0 0.62109375 0.5140625 0.034375 0.040625
0 0.5796875 0.5453125 0.0265625 0.0359375
0 0.5703125 0.56953125 0.0296875 0.053125
0 0.5390625 0.58203125 0.0359375 0.05
0 0.51171875 0.5609375 0.021875 0.025
0 0.5 0.58828125 0.025 0.0390625
0 0.50546875 0.6109375 0.025 0.0265625
0 0.53203125 0.62578125 0.015625 0.0375
0 0.5515625 0.6125 0.0203125 0.0296875
0 0.46953125 0.6875 0.0296875 0.028125
0 0.44609375 0.7078125 0.01875 0.01875
0 0.50859375 0.68359375 0.0125 0.021875
0 0.5375 0.66875 0.0375 0.0484375
0 0.49453125 0.31796875 0.03125 0.046875
0 0.4703125 0.2921875 0.021875 0.0375
0 0.48203125 0.25859375 0.028125 0.04375
0 0.56953125 0.353125 0.0375 0.0640625
0 0.61484375 0.44296875 0.0328125 0.0546875
0 0.45703125 0.6734375 0.0296875 0.034375