0 0.76953125 0.528125 0.0546875 0.0625
0 0.7234375 0.53671875 0.053125 0.053125
0 0.64921875 0.52421875 0.0796875 0.0625
0 0.59921875 0.58515625 0.0671875 0.05
0 0.7546875 0.5609375 0.065625 0.03125
0 0.7546875 0.60703125 0.065625 0.0609375
0 0.65703125 0.66484375 0.059375 0.05
0 0.65 0.6984375 0.0796875 0.059375
0 0.753125 0.68046875 0.0484375 0.0546875
0 0.71953125 0.65703125 0.0625 0.059375
0 0.784375 0.71484375 0.0625 0.0453125
0 0.65 0.73828125 0.06875 0.0609375
0 0.5609375 0.7359375 0.0578125 0.0578125
0 0.6 0.6203125 0.05625 0.0515625
0 0.6609375 0.6203125 0.065625 0.05625
0 0.59609375 0.871875 0.0640625 0.0625
0 0.59453125 0.82109375 0.0640625 0.065625
0 0.65859375 0.81953125 0.084375 0.0953125
0 0.55078125 0.853125 0.0734375 0.059375
0 0.55078125 0.8921875 0.071875 0.046875
0 0.5484375 0.925 0.0828125 0.0640625
0 0.40390625 0.9 0.0609375 0.053125
0 0.3578125 0.9046875 0.06875 0.06875
0 0.3 0.3390625 0.0578125 0.053125
0 0.46875 0.2828125 0.0828125 0.0609375
0 0.509375 0.65703125 0.0515625 0.0453125
0 0.53515625 0.6890625 0.046875 0.028125
0 0.6046875 0.66484375 0.04375 0.0421875
0 0.73203125 0.7484375 0.065625 0.0671875
0 0.7125 0.7921875 0.0703125 0.0546875
0 0.5546875 0.6734375 0.0546875 0.0453125
0 0.48828125 0.9390625 0.04375 0.0359375
0 0.69375 0.69453125 0.0359375 0.0375
0 0.5484375 0.5921875 0.053125 0.0453125
0 0.3453125 0.31796875 0.053125 0.0453125
0 0.378125 0.5109375 0.046875 0.053125
0 0.6921875 0.57578125 0.053125 0.0515625
0 0.5890625 0.29296875 0.05 0.04375
0 0.5078125 0.2421875 0.0421875 0.0359375
0 0.51328125 0.071875 0.0515625 0.05
0 0.5546875 0.1203125 0.075 0.0609375
0 0.40390625 0.321875 0.040625 0.0359375
0 0.49296875 0.88125 0.046875 0.0359375
0 0.42421875 0.8671875 0.0375 0.03125
0 0.59453125 0.7875 0.0375 0.040625
0 0.60703125 0.73203125 0.065625 0.0671875
0 0.7015625 0.61015625 0.0546875 0.046875
0 0.8296875 0.56796875 0.05 0.046875
0 0.8328125 0.51171875 0.0515625 0.05
0 0.6890625 0.7546875 0.0421875 0.0421875
0 0.62109375 0.88671875 0.040625 0.040625
0 0.5171875 0.80078125 0.053125 0.0515625
0 0.65546875 0.596875 0.0359375 0.040625
0 0.603125 0.56015625 0.046875 0.0453125
0 0.48515625 0.8453125 0.0515625 0.0375
0 0.81640625 0.465625 0.0375 0.034375
0 0.79375 0.45546875 0.0421875 0.0359375
0 0.55546875 0.64140625 0.040625 0.03125
0 0.63984375 0.78046875 0.04375 0.0421875
0 0.4578125 0.87421875 0.0421875 0.0375
0 0.43515625 0.92890625 0.0515625 0.0421875
0 0.52578125 0.95390625 0.0359375 0.034375