0 0.35546875 0.38828125 0.0328125 0.028125
0 0.328125 0.3671875 0.0453125 0.0390625
0 0.36171875 0.31328125 0.0296875 0.034375
0 0.31015625 0.66640625 0.0453125 0.0375
0 0.271875 0.68828125 0.0375 0.028125
0 0.25859375 0.71953125 0.034375 0.025
0 0.28984375 0.74140625 0.01875 0.034375
0 0.31875 0.77890625 0.04375 0.0390625
0 0.39140625 0.8015625 0.0453125 0.046875
0 0.37265625 0.7265625 0.021875 0.0140625
0 0.37578125 0.73828125 0.0515625 0.0484375
0 0.3859375 0.69453125 0.046875 0.0390625
0 0.4140625 0.69609375 0.034375 0.0359375
0 0.44765625 0.703125 0.034375 0.0265625
0 0.359375 0.64765625 0.0421875 0.034375
0 0.41015625 0.64140625 0.0359375 0.0484375
0 0.525 0.725 0.0421875 0.0421875
0 0.48203125 0.6953125 0.0421875 0.021875
0 0.48515625 0.7453125 0.046875 0.0390625
0 0.453125 0.76875 0.05625 0.0375
0 0.33046875 0.71328125 0.0375 0.0421875
0 0.72421875 0.35546875 0.046875 0.0328125
0 0.63984375 0.16875 0.040625 0.0234375
0 0.77265625 0.26796875 0.05625 0.0375
0 0.72890625 0.178125 0.046875 0.0375