0 0.7703125 0.5140625 0.053125 0.0609375
0 0.725 0.525 0.0515625 0.0515625
0 0.65078125 0.51640625 0.0765625 0.059375
0 0.60390625 0.5796875 0.065625 0.046875
0 0.75703125 0.54765625 0.0640625 0.028125
0 0.759375 0.59296875 0.0625 0.059375
0 0.665625 0.65625 0.0578125 0.046875
0 0.66015625 0.690625 0.078125 0.05625
0 0.7625 0.66640625 0.0453125 0.053125
0 0.72734375 0.6453125 0.059375 0.05625
0 0.7953125 0.7 0.0609375 0.0421875
0 0.66171875 0.7296875 0.065625 0.0578125
0 0.57265625 0.73203125 0.0546875 0.0546875
0 0.60546875 0.61484375 0.0546875 0.0484375
0 0.6671875 0.61171875 0.0640625 0.053125
0 0.615625 0.86640625 0.0609375 0.0609375
0 0.61171875 0.815625 0.0625 0.0640625
0 0.675 0.8109375 0.0796875 0.0921875
0 0.56953125 0.85 0.071875 0.05625
0 0.57109375 0.8890625 0.0703125 0.04375
0 0.5703125 0.921875 0.0796875 0.0609375
0 0.425 0.9046875 0.059375 0.05
0 0.37890625 0.91171875 0.0671875 0.065625
0 0.2921875 0.35 0.05625 0.05
0 0.45703125 0.28515625 0.08125 0.0578125
0 0.5171875 0.65625 0.0484375 0.04375
0 0.54453125 0.68671875 0.0453125 0.0265625
0 0.61328125 0.65859375 0.0421875 0.0390625
0 0.74453125 0.7359375 0.0640625 0.065625
0 0.72734375 0.78046875 0.06875 0.0515625
0 0.5640625 0.6703125 0.053125 0.0421875
0 0.5109375 0.9390625 0.0421875 0.034375
0 0.70390625 0.684375 0.034375 0.0359375
0 0.553125 0.58984375 0.05 0.04375
0 0.3359375 0.3265625 0.05 0.04375
0 0.37890625 0.5171875 0.0453125 0.0515625
0 0.69609375 0.565625 0.0515625 0.05
0 0.578125 0.28828125 0.0484375 0.0421875
0 0.49375 0.2421875 0.040625 0.0328125
0 0.490625 0.071875 0.05 0.0484375
0 0.534375 0.11796875 0.071875 0.0578125
0 0.39453125 0.32734375 0.0390625 0.034375
0 0.5125 0.88046875 0.0453125 0.034375
0 0.44375 0.8703125 0.0375 0.0296875
0 0.609375 0.7828125 0.0359375 0.0390625
0 0.61953125 0.7265625 0.0625 0.065625
0 0.70703125 0.59921875 0.0515625 0.04375
0 0.8328125 0.55078125 0.0484375 0.0453125
0 0.8328125 0.49453125 0.05 0.0484375
0 0.70234375 0.74453125 0.040625 0.040625
0 0.64140625 0.88046875 0.0390625 0.0390625
0 0.5328125 0.8 0.0515625 0.05
0 0.66015625 0.58828125 0.034375 0.0390625
0 0.60546875 0.5546875 0.04375 0.04375
0 0.503125 0.84609375 0.05 0.0359375
0 0.8140625 0.44921875 0.0359375 0.0328125
0 0.790625 0.43984375 0.040625 0.0328125
0 0.5625 0.63828125 0.040625 0.028125
0 0.6546875 0.7734375 0.0421875 0.0390625
0 0.478125 0.87578125 0.040625 0.0359375
0 0.4578125 0.93125 0.05 0.040625
0 0.55 0.95234375 0.034375 0.0328125