0 0.365625 0.44296875 0.0484375 0.0484375
0 0.3671875 0.35703125 0.0484375 0.0515625
0 0.36328125 0.27734375 0.0546875 0.0640625
0 0.6625 0.6546875 0.075 0.059375
0 0.43671875 0.65234375 0.059375 0.05
0 0.5203125 0.70859375 0.04375 0.046875
0 0.50234375 0.740625 0.0625 0.053125
0 0.5765625 0.7015625 0.0578125 0.0671875
0 0.709375 0.74921875 0.059375 0.05625
0 0.65859375 0.75234375 0.0390625 0.034375
0 0.7015625 0.7828125 0.05 0.0421875
0 0.5546875 0.76484375 0.0546875 0.0421875
0 0.55234375 0.8015625 0.0421875 0.05
0 0.55703125 0.83671875 0.053125 0.0515625
0 0.6109375 0.8640625 0.0625 0.0484375
0 0.60859375 0.803125 0.059375 0.0515625
0 0.6203125 0.7625 0.0609375 0.0609375
0 0.40078125 0.95625 0.0453125 0.0453125
0 0.7875 0.7140625 0.0890625 0.09375
0 0.58046875 0.79375 0.0484375 0.0421875
0 0.64609375 0.80703125 0.0515625 0.0453125