0 0.47109375 0.06328125 0.05625 0.0421875
0 0.3390625 0.14140625 0.065625 0.0640625
0 0.5328125 0.6640625 0.05 0.0375
0 0.49140625 0.63125 0.05 0.04375
0 0.48125 0.69921875 0.06875 0.0515625
0 0.371875 0.86328125 0.040625 0.0515625
0 0.54765625 0.86328125 0.0484375 0.05
0 0.68046875 0.8125 0.034375 0.0390625
0 0.0890625 0.64453125 0.0171875 0.021875
0 0.228125 0.128125 0.05625 0.0421875
0 0.2546875 0.06328125 0.0703125 0.05625
0 0.18515625 0.25 0.0453125 0.05625
0 0.08984375 0.2859375 0.046875 0.0359375
0 0.09453125 0.33671875 0.0421875 0.040625
0 0.11796875 0.3640625 0.0421875 0.0390625
0 0.175 0.31796875 0.0765625 0.0671875
0 0.24375 0.19765625 0.04375 0.0359375
0 0.09453125 0.41328125 0.0609375 0.0484375
0 0.078125 0.46015625 0.0625 0.05625
0 0.18984375 0.5640625 0.0265625 0.0453125
0 0.2125 0.746875 0.0609375 0.0484375
0 0.15703125 0.67734375 0.0515625 0.0546875
0 0.39375 0.6421875 0.0484375 0.0328125
0 0.396875 0.6796875 0.0390625 0.059375
0 0.18828125 0.87578125 0.075 0.075