0 0.5234375 0.328125 0.040625 0.03125
0 0.70703125 0.23515625 0.0171875 0.0328125
0 0.79453125 0.3703125 0.0359375 0.0375
0 0.275 0.54453125 0.0375 0.0421875
0 0.34140625 0.7265625 0.0359375 0.021875
0 0.4296875 0.7984375 0.034375 0.034375
0 0.47578125 0.7984375 0.0203125 0.025
0 0.478125 0.69609375 0.025 0.0265625
0 0.4953125 0.8796875 0.015625 0.01875
0 0.3859375 0.66875 0.034375 0.04375
0 0.3375 0.62890625 0.05 0.0484375
0 0.59765625 0.70625 0.0328125 0.034375
0 0.57578125 0.79609375 0.0265625 0.0359375
0 0.5203125 0.7796875 0.034375 0.040625
0 0.346875 0.66640625 0.0375 0.0359375