0 0.54921875 0.3671875 0.046875 0.059375
0 0.5296875 0.265625 0.0734375 0.0734375
0 0.57265625 0.31953125 0.0421875 0.0640625
0 0.61484375 0.30234375 0.04375 0.053125
0 0.59609375 0.2515625 0.025 0.0421875
0 0.61484375 0.22265625 0.0375 0.0484375
0 0.79140625 0.15390625 0.040625 0.05
0 0.4640625 0.5203125 0.0390625 0.065625
0 0.46484375 0.4390625 0.059375 0.0671875
0 0.47734375 0.5703125 0.0265625 0.0359375
0 0.48203125 0.68515625 0.040625 0.0546875
0 0.4625 0.634375 0.025 0.046875
0 0.4921875 0.6 0.0296875 0.04375
0 0.540625 0.6046875 0.059375 0.0515625
0 0.540625 0.6390625 0.0234375 0.034375
0 0.58203125 0.68046875 0.0296875 0.05625
0 0.61171875 0.65625 0.034375 0.065625
0 0.634375 0.63671875 0.0328125 0.0515625
0 0.65625 0.26953125 0.0328125 0.046875
0 0.509375 0.34609375 0.028125 0.0484375
0 0.52421875 0.81953125 0.040625 0.0671875
0 0.59453125 0.7671875 0.0359375 0.046875
0 0.62109375 0.721875 0.028125 0.040625
0 0.55 0.909375 0.0390625 0.059375