0 0.33828125 0.52109375 0.0296875 0.0390625
0 0.2828125 0.525 0.0296875 0.0359375
0 0.76171875 0.68203125 0.0515625 0.040625
0 0.71171875 0.75390625 0.0875 0.0640625
0 0.76484375 0.73046875 0.046875 0.0375
0 0.74375 0.63125 0.053125 0.065625
0 0.778125 0.60078125 0.0609375 0.059375
0 0.81015625 0.61640625 0.0484375 0.0484375
0 0.859375 0.60859375 0.0703125 0.053125
0 0.46796875 0.88125 0.01875 0.0296875
0 0.85234375 0.4953125 0.0390625 0.028125
0 0.87109375 0.45078125 0.05625 0.04375
0 0.8515625 0.30546875 0.0609375 0.065625
0 0.70078125 0.240625 0.05625 0.0625
0 0.75078125 0.2625 0.0609375 0.0703125
0 0.7484375 0.01796875 0.0296875 0.0359375
0 0.72890625 0.059375 0.05625 0.065625
0 0.753125 0.146875 0.0359375 0.046875
0 0.69453125 0.16015625 0.0359375 0.0359375
0 0.5421875 0.66015625 0.0375 0.028125
0 0.496875 0.5578125 0.0296875 0.021875
0 0.6078125 0.85859375 0.04375 0.0265625
0 0.55703125 0.91875 0.040625 0.0421875
0 0.6328125 0.9234375 0.040625 0.0578125