0 0.56640625 0.51796875 0.0375 0.0546875
0 0.5859375 0.56640625 0.0359375 0.0421875
0 0.6125 0.6078125 0.0390625 0.0484375
0 0.52578125 0.621875 0.0375 0.053125
0 0.53828125 0.64453125 0.0265625 0.025
0 0.47265625 0.63359375 0.028125 0.0375
0 0.49296875 0.65390625 0.0203125 0.0265625
0 0.5140625 0.68515625 0.0421875 0.0375
0 0.528125 0.7171875 0.03125 0.04375
0 0.50703125 0.725 0.0171875 0.0328125
0 0.503125 0.765625 0.0234375 0.0234375
0 0.52890625 0.78046875 0.028125 0.0359375
0 0.54921875 0.73671875 0.0421875 0.040625
0 0.6140625 0.73125 0.0328125 0.0390625
0 0.68203125 0.6984375 0.0296875 0.0484375
0 0.65 0.73671875 0.015625 0.0265625
0 0.66640625 0.7734375 0.040625 0.0390625
0 0.6328125 0.8 0.04375 0.0515625
0 0.65234375 0.82109375 0.0265625 0.0515625
0 0.6890625 0.825 0.0359375 0.05625
0 0.7 0.865625 0.0328125 0.0515625
0 0.8203125 0.78046875 0.0390625 0.071875
0 0.5875 0.7921875 0.034375 0.040625
0 0.59375 0.81875 0.0234375 0.03125
0 0.615625 0.840625 0.03125 0.040625