0 0.425 0.171875 0.0484375 0.0359375
0 0.37734375 0.11875 0.0546875 0.0453125
0 0.240625 0.36171875 0.071875 0.0578125
0 0.228125 0.41328125 0.0609375 0.078125
0 0.16796875 0.4328125 0.0609375 0.0515625
0 0.17421875 0.3828125 0.0578125 0.028125
0 0.1234375 0.34140625 0.0390625 0.0328125
0 0.1453125 0.29765625 0.0578125 0.05
0 0.1390625 0.5640625 0.0515625 0.0578125
0 0.19140625 0.51484375 0.0625 0.0515625
0 0.2421875 0.5328125 0.04375 0.0421875
0 0.228125 0.56171875 0.0375 0.0296875
0 0.1828125 0.5953125 0.0609375 0.0578125
0 0.23203125 0.715625 0.0640625 0.0640625
0 0.25078125 0.6546875 0.0484375 0.034375
0 0.27265625 0.68671875 0.04375 0.0453125
0 0.33125 0.6859375 0.05625 0.04375
0 0.3671875 0.64921875 0.05 0.0453125
0 0.42265625 0.64375 0.0515625 0.04375
0 0.2953125 0.62578125 0.0640625 0.06875
0 0.4578125 0.6984375 0.0671875 0.0546875
0 0.4078125 0.7125 0.065625 0.046875
0 0.3765625 0.7390625 0.0375 0.040625
0 0.42421875 0.7734375 0.0578125 0.0515625
0 0.24453125 0.840625 0.0625 0.0515625
0 0.275 0.88671875 0.078125 0.0625
0 0.3265625 0.9078125 0.0484375 0.0375
0 0.4921875 0.8796875 0.05625 0.05625