0 0.75 0.53359375 0.03125 0.0390625
0 0.7828125 0.51796875 0.03125 0.0453125
0 0.80703125 0.49921875 0.0296875 0.0328125
0 0.9140625 0.584375 0.04375 0.0375
0 0.92890625 0.6609375 0.0390625 0.0375
0 0.87578125 0.64765625 0.0421875 0.0578125
0 0.89296875 0.6875 0.0390625 0.0375
0 0.89296875 0.7140625 0.0265625 0.03125
0 0.86328125 0.7421875 0.0609375 0.0625
0 0.8796875 0.78125 0.028125 0.0375
0 0.73203125 0.6921875 0.0296875 0.028125
0 0.74765625 0.66953125 0.0265625 0.0359375
0 0.7796875 0.5625 0.03125 0.034375
0 0.815625 0.57109375 0.040625 0.0421875
0 0.646875 0.590625 0.046875 0.05625
0 0.6453125 0.7390625 0.046875 0.05
0 0.62890625 0.7984375 0.0484375 0.0375
0 0.68671875 0.80234375 0.0171875 0.0390625
0 0.70625 0.8109375 0.028125 0.040625
0 0.7390625 0.79765625 0.04375 0.0359375
0 0.78125 0.790625 0.04375 0.03125
0 0.80078125 0.82109375 0.0390625 0.0421875
0 0.7625 0.81796875 0.0375 0.0265625
0 0.74921875 0.8515625 0.0484375 0.053125
0 0.58203125 0.90390625 0.0390625 0.0359375
0 0.634375 0.8875 0.040625 0.046875
0 0.42421875 0.25859375 0.0390625 0.0578125