2 0.51484375 0.35703125 0.0546875 0.0546875
2 0.51875 0.4328125 0.0734375 0.0734375
2 0.2015625 0.6171875 0.065625 0.0625
2 0.27265625 0.63828125 0.065625 0.0578125
2 0.26328125 0.69453125 0.0578125 0.059375
2 0.4 0.653125 0.1015625 0.09375
2 0.8359375 0.5265625 0.0453125 0.0515625
2 0.76640625 0.56015625 0.0484375 0.0484375
2 0.38671875 0.73125 0.059375 0.0578125
2 0.4765625 0.71796875 0.0515625 0.0484375
2 0.47890625 0.72265625 0.0625 0.0578125
2 0.56015625 0.6953125 0.0859375 0.075
2 0.675 0.64921875 0.0453125 0.04375
2 0.375 0.79921875 0.0578125 0.06875
2 0.46640625 0.25078125 0.1046875 0.078125