0 0.6734375 0.47734375 0.028125 0.03125
0 0.6734375 0.5109375 0.0203125 0.046875
0 0.63671875 0.4734375 0.028125 0.03125
0 0.609375 0.48125 0.0234375 0.034375
0 0.58828125 0.4921875 0.0265625 0.0328125
0 0.58671875 0.51484375 0.015625 0.028125
0 0.59375 0.5328125 0.021875 0.034375
0 0.59921875 0.57265625 0.015625 0.0375
0 0.5921875 0.61171875 0.040625 0.03125
0 0.565625 0.6109375 0.025 0.0390625
0 0.54140625 0.64296875 0.021875 0.0328125
0 0.65234375 0.575 0.015625 0.03125
0 0.62109375 0.559375 0.021875 0.03125
0 0.61953125 0.5859375 0.0296875 0.0515625
0 0.62578125 0.50703125 0.015625 0.0203125
0 0.63828125 0.528125 0.03125 0.0328125
0 0.5390625 0.70703125 0.0125 0.0234375
0 0.61171875 0.63125 0.01875 0.0265625
0 0.5671875 0.6671875 0.025 0.0390625
0 0.665625 0.55078125 0.0171875 0.0234375
0 0.609375 0.521875 0.01875 0.028125