0 0.6703125 0.459375 0.025 0.028125
0 0.6734375 0.49296875 0.015625 0.0453125
0 0.6328125 0.459375 0.025 0.028125
0 0.60703125 0.46953125 0.0203125 0.0328125
0 0.58671875 0.4828125 0.0234375 0.03125
0 0.5875 0.50546875 0.0125 0.0265625
0 0.596875 0.52265625 0.01875 0.0328125
0 0.60625 0.56171875 0.0125 0.0359375
0 0.603125 0.6015625 0.0375 0.028125
0 0.5765625 0.603125 0.021875 0.0375
0 0.55625 0.6375 0.01875 0.03125
0 0.659375 0.55859375 0.0125 0.0296875
0 0.6265625 0.54609375 0.01875 0.0296875
0 0.628125 0.57265625 0.025 0.0484375
0 0.62578125 0.49375 0.0140625 0.01875
0 0.640625 0.51328125 0.028125 0.0296875
0 0.56015625 0.7015625 0.0109375 0.021875
0 0.625 0.61875 0.015625 0.025
0 0.584375 0.659375 0.021875 0.0375
0 0.6703125 0.5328125 0.015625 0.021875
0 0.6109375 0.51015625 0.015625 0.0265625