0 0.67734375 0.390625 0.0546875 0.034375
0 0.4078125 0.240625 0.05625 0.04375
0 0.69765625 0.3421875 0.0484375 0.028125
0 0.7796875 0.521875 0.0375 0.046875
0 0.72578125 0.471875 0.0296875 0.040625
0 0.7328125 0.5359375 0.046875 0.04375
0 0.66015625 0.5640625 0.0515625 0.046875
0 0.7109375 0.57890625 0.0375 0.0296875
0 0.7453125 0.59140625 0.0375 0.0234375
0 0.746875 0.61484375 0.040625 0.0421875
0 0.78515625 0.61328125 0.0421875 0.0390625
0 0.65546875 0.59140625 0.0484375 0.0390625
0 0.69609375 0.60546875 0.0359375 0.0265625
0 0.64921875 0.6375 0.0515625 0.04375
0 0.69140625 0.72890625 0.0421875 0.0390625
0 0.69765625 0.684375 0.0546875 0.040625
0 0.60390625 0.69765625 0.0453125 0.0453125
0 0.634375 0.7234375 0.034375 0.0375
0 0.51640625 0.65703125 0.0265625 0.0328125
0 0.49921875 0.67890625 0.0296875 0.0421875
0 0.5359375 0.72578125 0.046875 0.0328125
0 0.515625 0.75078125 0.05 0.0453125
0 0.57890625 0.77734375 0.0484375 0.0453125
0 0.55 0.80546875 0.040625 0.0421875
0 0.6015625 0.83515625 0.04375 0.0421875
0 0.45859375 0.94375 0.0515625 0.0375