4 0.4515625 0.28984375 0.015625 0.0109375
4 0.321875 0.28828125 0.040625 0.0203125
4 0.34609375 0.3109375 0.0234375 0.0125
4 0.23984375 0.3625 0.0296875 0.021875
4 0.21640625 0.4046875 0.0265625 0.021875
2 0.175 0.409375 0.01875 0.009375
4 0.325 0.44375 0.01875 0.0125
4 0.278125 0.45234375 0.015625 0.0140625
4 0.196875 0.4703125 0.040625 0.00625
4 0.1828125 0.4890625 0.025 0.009375
2 0.16015625 0.5046875 0.0328125 0.01875
4 0.24609375 0.56953125 0.0171875 0.0171875
4 0.28203125 0.62890625 0.0234375 0.0109375
4 0.1859375 0.79609375 0.025 0.0140625