0 0.5421875 0.13125 0.0703125 0.0609375
0 0.46953125 0.13046875 0.075 0.0453125
0 0.3109375 0.1859375 0.0640625 0.05625
0 0.46328125 0.19609375 0.0671875 0.0578125
0 0.40078125 0.21328125 0.06875 0.071875
0 0.42265625 0.1359375 0.0765625 0.065625
0 0.34375 0.25546875 0.0578125 0.0421875
0 0.33828125 0.3171875 0.078125 0.05625
0 0.2546875 0.3078125 0.0453125 0.0265625
0 0.259375 0.34921875 0.0484375 0.04375
0 0.346875 0.378125 0.0828125 0.0671875
0 0.20390625 0.3921875 0.071875 0.053125
0 0.2921875 0.421875 0.0484375 0.0421875
0 0.17578125 0.43125 0.065625 0.0453125
0 0.11953125 0.48359375 0.0625 0.05
0 0.13515625 0.54453125 0.071875 0.0546875
0 0.109375 0.5734375 0.084375 0.0625
0 0.4046875 0.43828125 0.1 0.0625
0 0.1703125 0.659375 0.09375 0.06875
0 0.54375 0.50078125 0.0703125 0.0578125
0 0.24453125 0.7296875 0.0890625 0.059375
0 0.09921875 0.78125 0.0734375 0.065625
0 0.209375 0.853125 0.0515625 0.040625
0 0.6796875 0.77109375 0.053125 0.0546875
0 0.84921875 0.7578125 0.1109375 0.05
0 0.81640625 0.71171875 0.065625 0.0546875
0 0.77265625 0.64453125 0.09375 0.0671875
0 0.66484375 0.66015625 0.078125 0.0625
0 0.75390625 0.50234375 0.084375 0.0640625
0 0.83203125 0.56171875 0.0875 0.065625
0 0.96328125 0.75546875 0.0734375 0.0484375
0 0.884375 0.81796875 0.05625 0.046875
0 0.8984375 0.88984375 0.1125 0.0515625
0 0.915625 0.92734375 0.096875 0.0515625
0 0.76015625 0.83359375 0.0984375 0.0671875
0 0.5203125 0.68984375 0.0921875 0.0578125
0 0.46484375 0.7546875 0.1015625 0.0546875
0 0.50234375 0.80078125 0.0421875 0.0515625
0 0.65234375 0.559375 0.0765625 0.053125
0 0.59921875 0.83515625 0.08125 0.0640625
0 0.6765625 0.878125 0.0671875 0.065625
0 0.80703125 0.91015625 0.0921875 0.0796875
0 0.51953125 0.85 0.1 0.0703125
0 0.37734375 0.771875 0.1265625 0.0546875
0 0.36796875 0.7015625 0.103125 0.0765625
0 0.2734375 0.65859375 0.0703125 0.0578125
0 0.37265625 0.61328125 0.10625 0.0765625
0 0.4140625 0.5546875 0.090625 0.06875
0 0.375 0.5234375 0.0546875 0.053125
0 0.2671875 0.571875 0.0515625 0.0390625
0 0.2078125 0.58828125 0.0734375 0.059375
0 0.30078125 0.484375 0.075 0.0328125
0 0.22890625 0.49765625 0.08125 0.090625