1 0.3140625 0.18359375 0.015625 0.0234375
1 0.32890625 0.1890625 0.025 0.0421875
1 0.31953125 0.20234375 0.0171875 0.0203125
4 0.4421875 0.1828125 0.046875 0.0703125
1 0.42265625 0.24375 0.021875 0.025
1 0.4703125 0.35546875 0.021875 0.040625
1 0.496875 0.4046875 0.021875 0.028125
1 0.453125 0.5375 0.0171875 0.0359375
1 0.515625 0.57109375 0.01875 0.028125
1 0.29375 0.62421875 0.0171875 0.03125
1 0.38671875 0.6203125 0.0171875 0.0265625
1 0.40078125 0.62578125 0.0171875 0.028125
1 0.3984375 0.64140625 0.015625 0.0234375
1 0.4046875 0.65390625 0.015625 0.03125
4 0.25078125 0.7109375 0.01875 0.0359375
1 0.4109375 0.69140625 0.0125 0.0140625
1 0.415625 0.70546875 0.0125 0.01875
1 0.403125 0.7109375 0.015625 0.0234375
1 0.40078125 0.71640625 0.0125 0.0140625
4 0.42421875 0.71015625 0.05 0.0609375
4 0.28359375 0.74921875 0.015625 0.0234375
4 0.38828125 0.73125 0.034375 0.0421875
1 0.61171875 0.68359375 0.025 0.040625
1 0.41796875 0.7609375 0.025 0.0328125
4 0.32578125 0.796875 0.015625 0.021875
1 0.3890625 0.7921875 0.01875 0.025
4 0.646875 0.740625 0.025 0.0375
4 0.37109375 0.83828125 0.0109375 0.01875
4 0.396875 0.91796875 0.0125 0.0140625
4 0.34140625 0.93515625 0.0125 0.01875