0 0.53984375 0.2265625 0.0546875 0.046875
0 0.4703125 0.28984375 0.046875 0.0171875
0 0.396875 0.3078125 0.05625 0.03125
0 0.44375 0.40390625 0.046875 0.0515625
0 0.4890625 0.41640625 0.046875 0.0390625
0 0.80625 0.38359375 0.059375 0.0421875
0 0.890625 0.415625 0.059375 0.046875
0 0.878125 0.534375 0.0375 0.028125
0 0.790625 0.540625 0.040625 0.04375
0 0.85703125 0.5859375 0.0515625 0.046875
0 0.925 0.61328125 0.040625 0.0453125
0 0.74921875 0.60078125 0.0640625 0.0265625
0 0.7859375 0.63125 0.05 0.021875
0 0.80078125 0.675 0.0453125 0.046875
0 0.765625 0.7109375 0.065625 0.046875
0 0.8 0.77734375 0.05625 0.0453125
0 0.7 0.68359375 0.06875 0.0421875
0 0.4796875 0.88203125 0.0375 0.0453125
0 0.5171875 0.94453125 0.05625 0.0484375
0 0.60390625 0.8671875 0.0546875 0.059375
0 0.553125 0.86875 0.03125 0.05
0 0.40234375 0.5140625 0.0640625 0.0625
0 0.46875 0.621875 0.06875 0.059375
0 0.56953125 0.65546875 0.0734375 0.0703125
0 0.63984375 0.7265625 0.0328125 0.0375
0 0.73515625 0.82109375 0.0328125 0.0203125
0 0.75078125 0.88046875 0.0359375 0.0265625
0 0.8375 0.646875 0.04375 0.040625
0 0.85625 0.7078125 0.040625 0.046875
0 0.7765625 0.8359375 0.04375 0.03125