2 0.56875 0.3734375 0.040625 0.040625
2 0.54375 0.4453125 0.053125 0.053125
2 0.17890625 0.49609375 0.0484375 0.0453125
2 0.2375 0.54375 0.05 0.0375
2 0.2078125 0.59296875 0.040625 0.0453125
2 0.35 0.6046875 0.078125 0.065625
2 0.80078125 0.65 0.0296875 0.040625
2 0.7234375 0.65546875 0.034375 0.0359375
2 0.30859375 0.671875 0.0453125 0.040625
2 0.396875 0.6921875 0.040625 0.034375
2 0.39609375 0.6984375 0.0484375 0.040625
2 0.48359375 0.703125 0.0671875 0.05
2 0.60625 0.703125 0.034375 0.03125
2 0.2734375 0.7296875 0.0375 0.05625
2 0.5625 0.25703125 0.0875 0.0453125