0 0.35390625 0.390625 0.0328125 0.028125
0 0.32578125 0.3703125 0.0453125 0.0375
0 0.35859375 0.315625 0.0296875 0.034375
0 0.31328125 0.66953125 0.0453125 0.0359375
0 0.275 0.6921875 0.0375 0.028125
0 0.2625 0.7234375 0.034375 0.025
0 0.29375 0.7453125 0.01875 0.034375
0 0.3234375 0.78203125 0.04375 0.0390625
0 0.396875 0.803125 0.04375 0.046875
0 0.3765625 0.72890625 0.021875 0.0140625
0 0.3796875 0.740625 0.05 0.046875
0 0.3890625 0.696875 0.046875 0.0375
0 0.4171875 0.69765625 0.034375 0.0359375
0 0.4515625 0.70390625 0.034375 0.0265625
0 0.36171875 0.65 0.0421875 0.034375
0 0.4125 0.64296875 0.034375 0.0484375
0 0.52890625 0.72421875 0.0421875 0.0421875
0 0.48515625 0.6953125 0.0421875 0.021875
0 0.4890625 0.7453125 0.046875 0.0375
0 0.4578125 0.76953125 0.05625 0.0359375
0 0.334375 0.71640625 0.0375 0.0421875
0 0.721875 0.3515625 0.046875 0.03125
0 0.634375 0.16640625 0.040625 0.0234375
0 0.76875 0.26328125 0.05625 0.0359375
0 0.7234375 0.17421875 0.046875 0.0359375