2 0.43671875 0.37109375 0.040625 0.0421875
2 0.45625 0.44375 0.0546875 0.0546875
2 0.81640625 0.50703125 0.05 0.046875
2 0.76015625 0.55234375 0.053125 0.040625
2 0.78828125 0.603125 0.040625 0.046875
2 0.64609375 0.61015625 0.0796875 0.06875
2 0.19609375 0.63984375 0.03125 0.0421875
2 0.27265625 0.64765625 0.0359375 0.0375
2 0.68359375 0.678125 0.046875 0.0421875
2 0.5953125 0.6953125 0.040625 0.0359375
2 0.59375 0.7015625 0.05 0.0421875
2 0.51015625 0.70390625 0.0671875 0.0515625
2 0.38828125 0.69921875 0.0359375 0.0328125
2 0.715625 0.7375 0.0390625 0.0578125
2 0.44609375 0.2546875 0.0890625 0.0484375