0 0.6453125 0.46015625 0.0203125 0.0328125
0 0.63125 0.48046875 0.03125 0.0375
0 0.54609375 0.48828125 0.034375 0.0359375
0 0.60234375 0.50859375 0.0390625 0.0421875
0 0.59609375 0.5359375 0.034375 0.0375
0 0.56796875 0.571875 0.0234375 0.03125
0 0.5953125 0.5734375 0.0203125 0.03125
0 0.59140625 0.60625 0.0375 0.034375
0 0.63671875 0.57890625 0.040625 0.046875
0 0.63359375 0.52890625 0.04375 0.053125
0 0.66015625 0.496875 0.0546875 0.05
0 0.63515625 0.64921875 0.0265625 0.0375
0 0.5796875 0.6734375 0.021875 0.0265625
0 0.5546875 0.6796875 0.025 0.0375
0 0.39296875 0.80703125 0.0359375 0.0421875
0 0.396875 0.871875 0.0328125 0.0453125
0 0.4234375 0.87890625 0.0375 0.046875
0 0.4515625 0.878125 0.04375 0.0546875