0 0.40234375 0.178125 0.05 0.0390625
0 0.35078125 0.128125 0.05625 0.0484375
0 0.23203125 0.38046875 0.075 0.0609375
0 0.22265625 0.4328125 0.065625 0.08125
0 0.1640625 0.45625 0.0625 0.0546875
0 0.1671875 0.40546875 0.059375 0.03125
0 0.11328125 0.36796875 0.040625 0.034375
0 0.13203125 0.32265625 0.059375 0.053125
0 0.14453125 0.5890625 0.0546875 0.059375
0 0.19296875 0.53671875 0.0640625 0.0546875
0 0.24453125 0.55078125 0.0453125 0.0453125
0 0.2328125 0.58046875 0.0390625 0.03125
0 0.18984375 0.6171875 0.0640625 0.0609375
0 0.24765625 0.734375 0.0671875 0.0671875
0 0.2625 0.671875 0.05 0.0375
0 0.28671875 0.7015625 0.046875 0.0484375
0 0.34453125 0.69765625 0.0578125 0.046875
0 0.378125 0.6578125 0.053125 0.046875
0 0.4328125 0.6484375 0.053125 0.046875
0 0.3046875 0.63984375 0.0671875 0.071875
0 0.471875 0.70078125 0.06875 0.0578125
0 0.42265625 0.71875 0.0671875 0.0515625
0 0.39375 0.746875 0.0390625 0.0421875
0 0.44296875 0.778125 0.059375 0.0546875
0 0.26953125 0.85703125 0.0640625 0.0546875
0 0.30234375 0.9015625 0.08125 0.0671875
0 0.35546875 0.91875 0.05 0.0390625
0 0.51875 0.8796875 0.059375 0.059375