0 0.82734375 0.71171875 0.0171875 0.0125
0 0.7796875 0.7390625 0.0453125 0.0453125
0 0.7609375 0.69296875 0.028125 0.028125
0 0.80390625 0.69765625 0.0546875 0.0375
0 0.853125 0.6953125 0.053125 0.040625
0 0.84765625 0.746875 0.0546875 0.0546875
0 0.7875 0.7828125 0.06875 0.0421875
0 0.69140625 0.8078125 0.0515625 0.0375
0 0.72265625 0.8390625 0.05625 0.0375
0 0.72578125 0.7515625 0.0515625 0.05
0 0.65390625 0.7234375 0.0515625 0.0453125
0 0.69296875 0.68515625 0.065625 0.0625
0 0.75078125 0.65703125 0.0453125 0.0375
0 0.7515625 0.61484375 0.0515625 0.053125
0 0.69453125 0.58828125 0.034375 0.025
0 0.72421875 0.5265625 0.0546875 0.0515625
0 0.8171875 0.43671875 0.046875 0.040625
0 0.81015625 0.30859375 0.053125 0.05
0 0.746875 0.30859375 0.0796875 0.06875
0 0.721875 0.2625 0.0609375 0.0484375
0 0.69921875 0.14765625 0.0484375 0.0390625
0 0.56875 0.08671875 0.0515625 0.046875