4 0.6375 0.3234375 0.034375 0.028125
4 0.728125 0.3625 0.0234375 0.025
4 0.6421875 0.44140625 0.0421875 0.03125
4 0.76796875 0.48046875 0.034375 0.028125
4 0.7875 0.54375 0.021875 0.0234375
4 0.81171875 0.59453125 0.03125 0.028125
4 0.690625 0.57578125 0.03125 0.04375
4 0.5359375 0.55 0.0328125 0.0265625
4 0.3859375 0.56875 0.0359375 0.025
4 0.7109375 0.6890625 0.0234375 0.025
2 0.6296875 0.76640625 0.0296875 0.03125
2 0.5859375 0.765625 0.0453125 0.0421875
2 0.79296875 0.81640625 0.0640625 0.0515625
2 0.51953125 0.2125 0.0828125 0.075
4 0.5328125 0.271875 0.0265625 0.025