0 0.82421875 0.7171875 0.0171875 0.0125
0 0.77578125 0.74375 0.0453125 0.04375
0 0.75703125 0.69765625 0.028125 0.028125
0 0.80078125 0.70234375 0.0546875 0.0375
0 0.84921875 0.70078125 0.0515625 0.0390625
0 0.84296875 0.753125 0.053125 0.0546875
0 0.7828125 0.78828125 0.06875 0.040625
0 0.6859375 0.8109375 0.0515625 0.0359375
0 0.7171875 0.84296875 0.05625 0.0375
0 0.721875 0.75546875 0.0515625 0.05
0 0.65 0.7265625 0.0515625 0.04375
0 0.6890625 0.68828125 0.065625 0.0609375
0 0.74765625 0.6609375 0.0453125 0.0375
0 0.74921875 0.61953125 0.0515625 0.053125
0 0.69296875 0.59140625 0.034375 0.025
0 0.72421875 0.53046875 0.0546875 0.05
0 0.81796875 0.4421875 0.046875 0.040625
0 0.81328125 0.3140625 0.053125 0.05
0 0.75 0.31328125 0.078125 0.06875
0 0.72578125 0.26640625 0.0609375 0.046875
0 0.70546875 0.1515625 0.046875 0.0390625
0 0.57578125 0.08828125 0.05 0.046875