0 0.50625 0.28671875 0.0453125 0.040625
0 0.70234375 0.3046875 0.06875 0.053125
0 0.7671875 0.3453125 0.053125 0.0375
0 0.8109375 0.41640625 0.053125 0.0453125
0 0.87421875 0.5109375 0.065625 0.034375
0 0.834375 0.44453125 0.046875 0.0390625
0 0.69765625 0.57890625 0.0453125 0.05
0 0.6328125 0.5890625 0.0625 0.0453125
0 0.7015625 0.61953125 0.0671875 0.053125
0 0.74375 0.628125 0.046875 0.0390625
0 0.7921875 0.634375 0.0671875 0.0515625
0 0.29609375 0.68828125 0.0546875 0.05
0 0.58515625 0.70546875 0.0671875 0.0359375
0 0.56796875 0.7515625 0.04375 0.0390625
0 0.6203125 0.75390625 0.0546875 0.0453125
0 0.6515625 0.7109375 0.0671875 0.046875
0 0.72265625 0.78046875 0.0578125 0.046875
0 0.75859375 0.684375 0.0375 0.0375
0 0.5921875 0.875 0.05 0.0390625
0 0.67421875 0.9 0.015625 0.0140625
0 0.5109375 0.84296875 0.0640625 0.046875
0 0.4421875 0.90234375 0.04375 0.0484375
0 0.46015625 0.94453125 0.065625 0.0390625
0 0.38828125 0.87890625 0.046875 0.05625
0 0.5671875 0.89609375 0.0390625 0.034375