0 0.171875 0.5328125 0.0625 0.046875
0 0.08671875 0.546875 0.046875 0.040625
0 0.23359375 0.67734375 0.0515625 0.06875
0 0.1703125 0.73984375 0.0578125 0.04375
0 0.2546875 0.740625 0.090625 0.075
0 0.3578125 0.6328125 0.0421875 0.0546875
0 0.30546875 0.70234375 0.0546875 0.0515625
0 0.415625 0.721875 0.1078125 0.0625
0 0.41328125 0.8875 0.0890625 0.0671875
0 0.47890625 0.2453125 0.0328125 0.053125
0 0.28203125 0.27890625 0.0671875 0.0734375
0 0.45390625 0.19296875 0.075 0.0734375
0 0.50390625 0.1453125 0.0328125 0.0375
0 0.63203125 0.18515625 0.04375 0.0421875
0 0.66484375 0.20859375 0.0484375 0.0453125
0 0.70625 0.2765625 0.0484375 0.05
0 0.62109375 0.2515625 0.071875 0.071875
0 0.56328125 0.20234375 0.0484375 0.05
0 0.2984375 0.8765625 0.053125 0.0328125
0 0.41328125 0.11171875 0.0453125 0.0421875
0 0.359375 0.76796875 0.0765625 0.053125