0 0.37109375 0.309375 0.0609375 0.065625
0 0.41640625 0.3328125 0.0390625 0.0453125
0 0.4859375 0.390625 0.0640625 0.075
0 0.6640625 0.14375 0.04375 0.053125
0 0.89296875 0.34453125 0.0734375 0.059375
0 0.91328125 0.28515625 0.0515625 0.046875
0 0.5515625 0.753125 0.0453125 0.0421875
0 0.38359375 0.578125 0.04375 0.065625
0 0.37421875 0.6390625 0.071875 0.0515625
0 0.346875 0.5859375 0.0421875 0.05625
0 0.31171875 0.59375 0.05 0.05625
0 0.67890625 0.96015625 0.05 0.05625
0 0.57578125 0.93203125 0.0421875 0.0578125