0 0.58359375 0.34921875 0.0140625 0.0359375
0 0.55859375 0.36953125 0.0296875 0.0359375
0 0.584375 0.38125 0.01875 0.03125
0 0.621875 0.49296875 0.028125 0.0359375
0 0.5859375 0.53046875 0.021875 0.0328125
0 0.58125 0.55625 0.021875 0.05
0 0.553125 0.57421875 0.028125 0.0453125
0 0.521875 0.5578125 0.01875 0.021875
0 0.515625 0.58671875 0.01875 0.0359375
0 0.525 0.60859375 0.021875 0.0234375
0 0.553125 0.61796875 0.009375 0.0359375
0 0.5703125 0.6015625 0.015625 0.028125
0 0.50234375 0.68984375 0.0265625 0.0234375
0 0.4828125 0.7140625 0.015625 0.015625
0 0.540625 0.67890625 0.009375 0.0203125
0 0.56640625 0.659375 0.0296875 0.04375
0 0.46328125 0.321875 0.0234375 0.04375
0 0.434375 0.30078125 0.015625 0.0359375
0 0.440625 0.265625 0.021875 0.040625
0 0.54296875 0.34296875 0.0265625 0.0609375
0 0.603125 0.42421875 0.025 0.0515625
0 0.4875 0.678125 0.025 0.03125