4 0.61171875 0.30546875 0.0328125 0.0234375
4 0.70703125 0.3328125 0.021875 0.0234375
4 0.63203125 0.42265625 0.0390625 0.0265625
4 0.7625 0.44296875 0.0328125 0.0234375
4 0.790625 0.503125 0.0203125 0.021875
4 0.821875 0.55078125 0.028125 0.025
4 0.69921875 0.5484375 0.0265625 0.040625
4 0.5421875 0.54453125 0.03125 0.0234375
4 0.39609375 0.58359375 0.034375 0.0203125
4 0.73515625 0.6578125 0.021875 0.0234375
2 0.665625 0.74609375 0.0265625 0.028125
2 0.621875 0.7515625 0.040625 0.0375
2 0.83359375 0.77265625 0.059375 0.04375
2 0.47890625 0.2125 0.075 0.065625
4 0.5 0.26953125 0.025 0.021875