0 0.52109375 0.2875 0.0421875 0.0375
0 0.715625 0.31953125 0.065625 0.0484375
0 0.77734375 0.3640625 0.0515625 0.034375
0 0.815625 0.43828125 0.05 0.0421875
0 0.87265625 0.53671875 0.0640625 0.0296875
0 0.8375 0.46796875 0.04375 0.0359375
0 0.69140625 0.5921875 0.0421875 0.046875
0 0.6265625 0.5984375 0.059375 0.040625
0 0.69296875 0.63359375 0.0640625 0.0484375
0 0.734375 0.64453125 0.04375 0.0359375
0 0.78203125 0.6546875 0.0640625 0.046875
0 0.28359375 0.6734375 0.0515625 0.046875
0 0.5703125 0.7109375 0.065625 0.03125
0 0.55 0.75546875 0.040625 0.0359375
0 0.60234375 0.76171875 0.0515625 0.0421875
0 0.63671875 0.72109375 0.0640625 0.0421875
0 0.70234375 0.7953125 0.0546875 0.04375
0 0.7453125 0.70234375 0.034375 0.0359375
0 0.565625 0.88046875 0.046875 0.0359375
0 0.64609375 0.9109375 0.0140625 0.0125
0 0.48671875 0.84296875 0.0609375 0.0421875
0 0.4140625 0.89765625 0.040625 0.0453125
0 0.42890625 0.940625 0.0640625 0.034375
0 0.3625 0.8703125 0.04375 0.053125
0 0.5390625 0.9 0.0375 0.03125