4 0.48515625 0.28515625 0.0171875 0.0125
4 0.35703125 0.26328125 0.04375 0.0265625
4 0.37734375 0.2890625 0.025 0.015625
4 0.26484375 0.3234375 0.0328125 0.0265625
4 0.23515625 0.36171875 0.0296875 0.025
2 0.19296875 0.359375 0.0203125 0.0125
4 0.3359375 0.4171875 0.0203125 0.015625
4 0.28828125 0.41796875 0.0171875 0.015625
4 0.20546875 0.4234375 0.040625 0.0125
4 0.18828125 0.43984375 0.0265625 0.0125
2 0.16328125 0.4515625 0.0359375 0.0234375
4 0.23828125 0.52890625 0.0203125 0.0203125
4 0.26484375 0.59296875 0.025 0.0140625
4 0.14375 0.74296875 0.0265625 0.0171875