0 0.5171875 0.265625 0.0375 0.0390625
0 0.59609375 0.25703125 0.0375 0.0359375
0 0.6578125 0.2515625 0.034375 0.0234375
0 0.6546875 0.284375 0.0265625 0.0359375
0 0.63125 0.3125 0.0421875 0.05
0 0.56484375 0.3421875 0.0328125 0.03125
0 0.5734375 0.29375 0.065625 0.0328125
0 0.5703125 0.190625 0.0375 0.0421875
0 0.54609375 0.61796875 0.0375 0.040625
0 0.55234375 0.68515625 0.05 0.0484375
0 0.43125 0.73359375 0.034375 0.034375
0 0.46171875 0.75078125 0.0359375 0.0453125
0 0.52265625 0.77265625 0.046875 0.0375
0 0.53671875 0.72734375 0.053125 0.0296875
0 0.4671875 0.82265625 0.0515625 0.0328125
0 0.3421875 0.69375 0.0421875 0.0328125
0 0.29296875 0.7859375 0.0484375 0.0515625