0 0.5609375 0.53125 0.028125 0.05
0 0.5703125 0.5828125 0.028125 0.0375
0 0.5875 0.62890625 0.03125 0.0421875
0 0.5 0.62421875 0.028125 0.0484375
0 0.50703125 0.64921875 0.0234375 0.0203125
0 0.4453125 0.625 0.021875 0.034375
0 0.4609375 0.64921875 0.015625 0.0234375
0 0.475 0.68359375 0.0375 0.0296875
0 0.48203125 0.71796875 0.0234375 0.0390625
0 0.46015625 0.721875 0.0109375 0.03125
0 0.44765625 0.76015625 0.0203125 0.0203125
0 0.4703125 0.78046875 0.021875 0.0328125
0 0.49921875 0.7421875 0.0359375 0.034375
0 0.56328125 0.75 0.0265625 0.034375
0 0.63671875 0.73203125 0.0203125 0.0453125
0 0.59765625 0.7625 0.0109375 0.025
0 0.60625 0.80234375 0.034375 0.0328125
0 0.5671875 0.82109375 0.034375 0.0453125
0 0.58203125 0.84609375 0.0171875 0.0484375
0 0.6171875 0.85703125 0.025 0.0515625
0 0.61953125 0.89921875 0.0234375 0.0484375
0 0.7546875 0.840625 0.025 0.06875
0 0.525 0.80390625 0.028125 0.0359375
0 0.52578125 0.83125 0.0171875 0.028125
0 0.5421875 0.85703125 0.025 0.0359375