0 0.76953125 0.49609375 0.0453125 0.0546875
0 0.72578125 0.509375 0.0453125 0.046875
0 0.65078125 0.50546875 0.0703125 0.0484375
0 0.6078125 0.57265625 0.059375 0.0390625
0 0.7609375 0.52890625 0.0625 0.0203125
0 0.765625 0.57421875 0.05625 0.0515625
0 0.6765625 0.6453125 0.053125 0.040625
0 0.6734375 0.678125 0.071875 0.046875
0 0.77421875 0.64765625 0.0390625 0.0484375
0 0.7375 0.6296875 0.053125 0.05
0 0.809375 0.6796875 0.05625 0.034375
0 0.6765625 0.71875 0.059375 0.05
0 0.58984375 0.72578125 0.0484375 0.0484375
0 0.61328125 0.60859375 0.0484375 0.0421875
0 0.67578125 0.60078125 0.0578125 0.0453125
0 0.63984375 0.8578125 0.0546875 0.053125
0 0.63203125 0.80625 0.0546875 0.05625
0 0.696875 0.796875 0.06875 0.08125
0 0.59375 0.84453125 0.065625 0.0484375
0 0.59765625 0.88359375 0.0671875 0.0359375
0 0.59921875 0.91640625 0.0734375 0.0515625
0 0.4546875 0.9078125 0.053125 0.04375
0 0.4078125 0.91796875 0.059375 0.0578125
0 0.28203125 0.365625 0.0515625 0.04375
0 0.4421875 0.2875 0.075 0.046875
0 0.52890625 0.6546875 0.0453125 0.0375
0 0.55859375 0.68359375 0.0421875 0.0203125
0 0.6234375 0.6515625 0.0375 0.034375
0 0.7609375 0.71953125 0.05625 0.0578125
0 0.746875 0.7640625 0.0625 0.04375
0 0.57578125 0.66484375 0.0484375 0.0359375
0 0.5421875 0.9375 0.0375 0.028125
0 0.71640625 0.66875 0.0296875 0.03125
0 0.56015625 0.5859375 0.0453125 0.0375
0 0.32421875 0.3390625 0.0453125 0.0375
0 0.37890625 0.525 0.0390625 0.046875
0 0.70078125 0.5515625 0.0453125 0.04375
0 0.5625 0.28203125 0.04375 0.0359375
0 0.47578125 0.24375 0.0359375 0.028125
0 0.4609375 0.07421875 0.04375 0.0421875
0 0.50859375 0.1171875 0.0671875 0.05
0 0.38203125 0.33515625 0.0359375 0.0296875
0 0.53828125 0.878125 0.0421875 0.028125
0 0.4703125 0.8734375 0.034375 0.025
0 0.62890625 0.77421875 0.0328125 0.0359375
0 0.63359375 0.71796875 0.0546875 0.0578125
0 0.71484375 0.584375 0.0484375 0.0375
0 0.83515625 0.52734375 0.0421875 0.0390625
0 0.83125 0.471875 0.04375 0.04375
0 0.71796875 0.72890625 0.0359375 0.0359375
0 0.66875 0.86875 0.034375 0.034375
0 0.55390625 0.79765625 0.0453125 0.0453125
0 0.665625 0.5765625 0.03125 0.034375
0 0.60859375 0.546875 0.0390625 0.0375
0 0.5265625 0.84453125 0.046875 0.0296875
0 0.809375 0.42734375 0.03125 0.0296875
0 0.78515625 0.4203125 0.0359375 0.028125
0 0.57109375 0.6328125 0.0359375 0.025
0 0.6734375 0.76171875 0.0375 0.0359375
0 0.503125 0.87578125 0.0375 0.0328125
0 0.48828125 0.9328125 0.0453125 0.034375
0 0.58046875 0.9484375 0.0296875 0.028125