0 0.58671875 0.1390625 0.0640625 0.053125
0 0.51484375 0.1296875 0.0703125 0.0375
0 0.35078125 0.165625 0.0578125 0.05
0 0.50078125 0.19375 0.0609375 0.05
0 0.43671875 0.203125 0.0609375 0.065625
0 0.46796875 0.12890625 0.0703125 0.0578125
0 0.375 0.23828125 0.053125 0.0359375
0 0.36171875 0.29921875 0.0734375 0.0484375
0 0.2796875 0.2796875 0.04375 0.021875
0 0.2796875 0.32109375 0.04375 0.0390625
0 0.36328125 0.36015625 0.0765625 0.0578125
0 0.21953125 0.35703125 0.0671875 0.0453125
0 0.303125 0.396875 0.04375 0.0375
0 0.18671875 0.3921875 0.0609375 0.0375
0 0.12421875 0.4375 0.0578125 0.04375
0 0.13203125 0.5 0.0671875 0.046875
0 0.103125 0.525 0.078125 0.053125
0 0.4125 0.42734375 0.09375 0.0515625
0 0.153125 0.61796875 0.0875 0.0578125
0 0.54296875 0.50625 0.0640625 0.05
0 0.21875 0.696875 0.084375 0.05
0 0.06796875 0.73046875 0.0671875 0.0578125
0 0.16875 0.81484375 0.046875 0.0359375
0 0.6453125 0.790625 0.046875 0.05
0 0.81484375 0.7984375 0.1078125 0.0375
0 0.78828125 0.7484375 0.0609375 0.046875
0 0.753125 0.6765625 0.0875 0.05625
0 0.64375 0.67890625 0.071875 0.0546875
0 0.7515625 0.53359375 0.078125 0.0546875
0 0.821875 0.6015625 0.08125 0.05625
0 0.934375 0.81171875 0.078125 0.0390625
0 0.84296875 0.8625 0.0515625 0.040625
0 0.84765625 0.93515625 0.1078125 0.0390625
0 0.86015625 0.975 0.0921875 0.040625
0 0.71796875 0.8625 0.0921875 0.05625
0 0.496875 0.690625 0.0875 0.046875
0 0.434375 0.7484375 0.096875 0.04375
0 0.465625 0.7984375 0.0375 0.046875
0 0.64375 0.57734375 0.071875 0.0453125
0 0.5578125 0.84453125 0.075 0.0546875
0 0.62890625 0.896875 0.0609375 0.059375
0 0.7546875 0.94453125 0.084375 0.0703125
0 0.4765625 0.85 0.09375 0.059375
0 0.3453125 0.7546875 0.121875 0.040625
0 0.34453125 0.684375 0.0953125 0.065625
0 0.25546875 0.6296875 0.0640625 0.05
0 0.36015625 0.596875 0.0984375 0.065625
0 0.4078125 0.54375 0.084375 0.059375
0 0.3734375 0.5078125 0.05 0.046875
0 0.26015625 0.54296875 0.0484375 0.0328125
0 0.19921875 0.55234375 0.0671875 0.0515625
0 0.30390625 0.46015625 0.0734375 0.0234375
0 0.23125 0.46484375 0.071875 0.0828125