0 0.1765625 0.64609375 0.0390625 0.0375
0 0.21875 0.64765625 0.05 0.0359375
0 0.3109375 0.68125 0.071875 0.0640625
0 0.29453125 0.72109375 0.05625 0.04375
0 0.2109375 0.69453125 0.0625 0.0515625
0 0.16328125 0.72265625 0.046875 0.04375
0 0.2390625 0.79921875 0.0421875 0.0453125
0 0.31640625 0.82421875 0.0421875 0.040625
0 0.36875 0.84453125 0.046875 0.0484375
0 0.2640625 0.86328125 0.0625 0.053125
0 0.225 0.9 0.0375 0.040625
0 0.14453125 0.8515625 0.04375 0.028125
0 0.60234375 0.56015625 0.0359375 0.034375
0 0.41953125 0.66171875 0.0359375 0.0421875
0 0.65078125 0.86875 0.0484375 0.0390625