0 0.446875 0.11171875 0.0765625 0.0625
0 0.30546875 0.353125 0.0578125 0.059375
0 0.3625 0.3171875 0.08125 0.05
0 0.525 0.73125 0.06875 0.05
0 0.2796875 0.73828125 0.0765625 0.0546875
0 0.3828125 0.528125 0.059375 0.0578125
0 0.43515625 0.44765625 0.0703125 0.0578125
0 0.50390625 0.22421875 0.05625 0.0625
0 0.41640625 0.38046875 0.078125 0.071875
0 0.340625 0.41484375 0.071875 0.08125
0 0.56328125 0.5171875 0.0796875 0.0578125
0 0.6015625 0.59453125 0.0734375 0.06875
0 0.44140625 0.56640625 0.0953125 0.0828125
0 0.41640625 0.6671875 0.090625 0.0625
0 0.6 0.6546875 0.0984375 0.071875
0 0.58125 0.70234375 0.084375 0.0671875
0 0.425 0.7234375 0.0703125 0.071875
0 0.359375 0.71484375 0.084375 0.06875
0 0.3453125 0.78203125 0.0984375 0.078125
0 0.4953125 0.821875 0.0890625 0.065625
0 0.62109375 0.7796875 0.128125 0.06875
0 0.6109375 0.84453125 0.0640625 0.0453125
0 0.81171875 0.840625 0.1109375 0.075
0 0.73203125 0.58515625 0.084375 0.078125
0 0.6515625 0.57109375 0.0703125 0.0640625
0 0.5265625 0.58203125 0.0984375 0.071875
0 0.65 0.11640625 0.0546875 0.0453125
0 0.42421875 0.18671875 0.075 0.05625
0 0.35390625 0.478125 0.0765625 0.040625
0 0.3078125 0.56953125 0.0671875 0.0515625
0 0.68515625 0.740625 0.05625 0.04375
0 0.8015625 0.7453125 0.0609375 0.0390625
0 0.8671875 0.73984375 0.05 0.0453125
0 0.93203125 0.49921875 0.0609375 0.0546875
0 0.7640625 0.478125 0.0421875 0.034375
0 0.8125 0.4734375 0.0703125 0.04375
0 0.7921875 0.51796875 0.0734375 0.05
0 0.753125 0.421875 0.0421875 0.0328125
0 0.78203125 0.43359375 0.040625 0.0296875
0 0.79375 0.31015625 0.0484375 0.0328125
0 0.6859375 0.2265625 0.059375 0.0484375
0 0.5625 0.10546875 0.0609375 0.046875
0 0.3953125 0.8390625 0.075 0.0578125
0 0.2765625 0.68203125 0.0546875 0.0421875
0 0.490625 0.66328125 0.0671875 0.0859375
0 0.2984375 0.86484375 0.053125 0.0453125
0 0.36796875 0.93125 0.084375 0.06875
0 0.69296875 0.89609375 0.06875 0.05625
0 0.728125 0.83359375 0.0765625 0.05625
0 0.64140625 0.7140625 0.090625 0.0640625
0 0.41328125 0.51640625 0.0484375 0.040625
0 0.6203125 0.890625 0.0578125 0.0421875
0 0.5140625 0.5015625 0.046875 0.0359375
0 0.496875 0.4765625 0.0484375 0.0421875
0 0.55234375 0.47734375 0.0625 0.040625
0 0.7609375 0.2296875 0.0453125 0.028125
0 0.45390625 0.24453125 0.0703125 0.0640625
0 0.3953125 0.2703125 0.06875 0.05625
0 0.4171875 0.32265625 0.0609375 0.0515625
0 0.44921875 0.29921875 0.0640625 0.053125
0 0.2875 0.45546875 0.0546875 0.04375
0 0.2859375 0.5078125 0.0515625 0.05
0 0.5109375 0.87421875 0.0484375 0.0453125
0 0.47421875 0.90234375 0.0625 0.0546875