0 0.15703125 0.509375 0.0265625 0.04375
0 0.28984375 0.63203125 0.0703125 0.0203125
0 0.27109375 0.6625 0.0484375 0.040625
0 0.240625 0.69921875 0.040625 0.0421875
0 0.23828125 0.5984375 0.0359375 0.040625
0 0.3390625 0.64765625 0.028125 0.0328125
0 0.32890625 0.6734375 0.0296875 0.03125
0 0.325 0.70859375 0.046875 0.0453125
0 0.36484375 0.7109375 0.0296875 0.03125
0 0.41796875 0.75 0.0609375 0.05625
0 0.49765625 0.653125 0.0390625 0.03125
0 0.53515625 0.61640625 0.0546875 0.0609375
0 0.396875 0.65546875 0.046875 0.0453125