0 0.1703125 0.50390625 0.059375 0.0421875
0 0.084375 0.5109375 0.04375 0.0375
0 0.21953125 0.653125 0.0453125 0.065625
0 0.15078125 0.71015625 0.0546875 0.0390625
0 0.234375 0.71796875 0.084375 0.0671875
0 0.346875 0.61953125 0.0375 0.0515625
0 0.28828125 0.684375 0.0515625 0.046875
0 0.396875 0.7140625 0.103125 0.053125
0 0.3796875 0.878125 0.084375 0.059375
0 0.5015625 0.24453125 0.028125 0.0515625
0 0.30234375 0.2609375 0.0609375 0.06875
0 0.48125 0.18984375 0.06875 0.0671875
0 0.53515625 0.146875 0.0296875 0.034375
0 0.659375 0.19765625 0.040625 0.0390625
0 0.68984375 0.22421875 0.0453125 0.0421875
0 0.725 0.2953125 0.04375 0.046875
0 0.6421875 0.26328125 0.065625 0.0671875
0 0.5890625 0.209375 0.04375 0.046875
0 0.26640625 0.8578125 0.0515625 0.028125
0 0.44765625 0.10546875 0.0421875 0.0390625
0 0.33671875 0.7546875 0.0734375 0.046875