0 0.4484375 0.3265625 0.046875 0.040625
0 0.41328125 0.73671875 0.0515625 0.0578125
0 0.7046875 0.68828125 0.059375 0.0484375
0 0.7078125 0.746875 0.0515625 0.0609375
0 0.68359375 0.534375 0.046875 0.0453125
0 0.65234375 0.8734375 0.0578125 0.0484375
0 0.62734375 0.91328125 0.034375 0.0625
0 0.6546875 0.91171875 0.0328125 0.0421875
0 0.6765625 0.9 0.028125 0.040625
0 0.66015625 0.94296875 0.0359375 0.0328125
0 0.7359375 0.8984375 0.0515625 0.0515625
0 0.7625 0.853125 0.0234375 0.0484375
0 0.725 0.834375 0.065625 0.05
0 0.62109375 0.63984375 0.0578125 0.0578125
0 0.5875 0.68046875 0.0625 0.0515625
0 0.59375 0.759375 0.0609375 0.0625
0 0.64765625 0.76953125 0.0578125 0.0609375
0 0.60234375 0.80546875 0.046875 0.0375
0 0.56796875 0.8265625 0.0390625 0.053125
0 0.50234375 0.85546875 0.0578125 0.0421875
0 0.56953125 0.8625 0.0609375 0.0625
0 0.61640625 0.846875 0.0484375 0.0515625
0 0.65234375 0.834375 0.05625 0.0578125
0 0.553125 0.9109375 0.0328125 0.053125
0 0.590625 0.90390625 0.0578125 0.05625
0 0.3671875 0.334375 0.04375 0.0484375
0 0.4109375 0.296875 0.0359375 0.0390625
0 0.39140625 0.22421875 0.03125 0.0375
0 0.5078125 0.20703125 0.040625 0.0515625
0 0.5484375 0.1703125 0.053125 0.0484375
0 0.51796875 0.06953125 0.05 0.040625
0 0.47578125 0.284375 0.0609375 0.0484375
0 0.50234375 0.30546875 0.046875 0.0375
0 0.46171875 0.37734375 0.0671875 0.053125
0 0.5734375 0.25234375 0.040625 0.0359375
0 0.39296875 0.18515625 0.0359375 0.040625
0 0.4140625 0.6734375 0.09375 0.0734375
0 0.325 0.48125 0.0421875 0.0421875
0 0.2890625 0.4265625 0.0390625 0.0328125
0 0.4953125 0.7703125 0.0390625 0.034375
0 0.3828125 0.790625 0.0453125 0.046875
0 0.42734375 0.8453125 0.0375 0.0375
0 0.4828125 0.68203125 0.0515625 0.046875
0 0.32421875 0.21875 0.0515625 0.0359375
0 0.678125 0.109375 0.040625 0.0328125
0 0.6328125 0.2546875 0.0515625 0.05
0 0.721875 0.2671875 0.0484375 0.0453125
0 0.49765625 0.153125 0.0484375 0.0421875
0 0.42421875 0.1625 0.0484375 0.04375
0 0.375 0.259375 0.0484375 0.040625
0 0.41953125 0.2546875 0.0484375 0.046875
0 0.3359375 0.30859375 0.04375 0.0359375
0 0.4390625 0.21484375 0.05 0.0421875
0 0.4640625 0.41875 0.04375 0.0484375
0 0.59375 0.10078125 0.0640625 0.0421875
0 0.4671875 0.09453125 0.0375 0.0390625
0 0.60234375 0.1390625 0.053125 0.0453125
0 0.73671875 0.7265625 0.0453125 0.046875
0 0.7703125 0.7203125 0.0578125 0.05
0 0.83125 0.83359375 0.0453125 0.0515625