0 0.35625 0.471875 0.040625 0.040625
0 0.340625 0.3875 0.040625 0.04375
0 0.3203125 0.3109375 0.04375 0.05625
0 0.69140625 0.6171875 0.0671875 0.046875
0 0.46953125 0.6625 0.0515625 0.040625
0 0.56328125 0.7 0.0359375 0.040625
0 0.55234375 0.73515625 0.0546875 0.0421875
0 0.6171875 0.68125 0.046875 0.059375
0 0.75625 0.7 0.05 0.046875
0 0.7078125 0.7140625 0.034375 0.028125
0 0.75625 0.734375 0.04375 0.034375
0 0.60859375 0.74765625 0.0484375 0.0328125
0 0.6140625 0.784375 0.034375 0.04375
0 0.62578125 0.8171875 0.0453125 0.04375
0 0.684375 0.8328125 0.05625 0.0375
0 0.66953125 0.77421875 0.0515625 0.0421875
0 0.67265625 0.73203125 0.0515625 0.0515625
0 0.49765625 0.9671875 0.0390625 0.0375
0 0.82578125 0.64921875 0.0734375 0.0796875
0 0.63984375 0.7703125 0.0421875 0.034375
0 0.70703125 0.76953125 0.0453125 0.0359375