0 0.33671875 0.3375 0.0515625 0.05625
0 0.3859375 0.3515625 0.03125 0.040625
0 0.465625 0.3953125 0.053125 0.065625
0 0.59296875 0.11875 0.0359375 0.046875
0 0.85625 0.27265625 0.065625 0.0484375
0 0.86484375 0.21015625 0.0453125 0.0390625
0 0.59921875 0.73828125 0.0390625 0.0359375
0 0.40078125 0.59921875 0.0328125 0.0609375
0 0.403125 0.66015625 0.065625 0.0390625
0 0.36640625 0.61328125 0.0328125 0.0515625
0 0.3328125 0.628125 0.040625 0.05
0 0.76328125 0.91796875 0.0421875 0.0484375
0 0.65703125 0.909375 0.0328125 0.053125