0 0.48984375 0.3265625 0.0453125 0.0390625
0 0.65234375 0.20078125 0.0234375 0.0359375
0 0.7640625 0.31640625 0.0421875 0.04375
0 0.2875 0.58671875 0.0453125 0.0484375
0 0.3875 0.75234375 0.0390625 0.028125
0 0.48828125 0.80625 0.040625 0.040625
0 0.5328125 0.79765625 0.025 0.028125
0 0.515625 0.696875 0.0296875 0.03125
0 0.56796875 0.8734375 0.01875 0.021875
0 0.4203125 0.6875 0.0421875 0.05
0 0.36484375 0.6578125 0.0578125 0.0578125
0 0.63515625 0.68359375 0.0390625 0.040625
0 0.63125 0.7765625 0.0328125 0.040625
0 0.5734375 0.7703125 0.0421875 0.046875
0 0.38125 0.6921875 0.04375 0.0421875