1 0.3078125 0.18671875 0.015625 0.0234375
1 0.325 0.1921875 0.025 0.040625
1 0.31328125 0.20546875 0.0171875 0.0203125
4 0.4375 0.18359375 0.046875 0.0703125
1 0.41875 0.2453125 0.021875 0.025
1 0.4671875 0.35625 0.021875 0.040625
1 0.49375 0.40546875 0.021875 0.0296875
1 0.453125 0.53828125 0.01875 0.0359375
1 0.5171875 0.571875 0.01875 0.028125
1 0.296875 0.628125 0.01875 0.03125
1 0.38828125 0.621875 0.0171875 0.028125
1 0.40390625 0.628125 0.0171875 0.028125
1 0.4015625 0.64296875 0.015625 0.0234375
1 0.4078125 0.65625 0.015625 0.03125
4 0.2546875 0.71484375 0.01875 0.0359375
1 0.4140625 0.69296875 0.0125 0.0140625
1 0.4203125 0.7078125 0.0125 0.01875
1 0.4078125 0.71328125 0.015625 0.0234375
1 0.4046875 0.71796875 0.0125 0.0140625
4 0.428125 0.7125 0.05 0.0625
4 0.2890625 0.75234375 0.015625 0.0234375
4 0.3921875 0.734375 0.034375 0.04375
1 0.615625 0.6828125 0.025 0.040625
1 0.4234375 0.76171875 0.025 0.0328125
4 0.33125 0.79921875 0.015625 0.0234375
1 0.39375 0.79453125 0.01875 0.0234375
4 0.65078125 0.7375 0.0265625 0.0375
4 0.37734375 0.840625 0.0109375 0.01875
4 0.4046875 0.91953125 0.0125 0.0140625
4 0.35 0.9390625 0.0125 0.01875