0 0.58046875 0.6046875 0.034375 0.0421875
0 0.64609375 0.56484375 0.059375 0.053125
0 0.55 0.6609375 0.04375 0.0453125
0 0.62421875 0.6875 0.065625 0.0703125
0 0.64296875 0.721875 0.05 0.0578125
0 0.65703125 0.76484375 0.03125 0.0484375
0 0.5875 0.80546875 0.0578125 0.05625
0 0.5796875 0.734375 0.0484375 0.05
0 0.71015625 0.6796875 0.05625 0.0515625
0 0.71875 0.74765625 0.028125 0.034375
0 0.7359375 0.79375 0.0546875 0.05625
0 0.7890625 0.63828125 0.0203125 0.040625
0 0.825 0.5984375 0.05 0.0453125
0 0.82734375 0.6421875 0.0390625 0.05625
0 0.84453125 0.67421875 0.0609375 0.071875
0 0.4109375 0.2015625 0.0515625 0.0609375
0 0.5796875 0.2390625 0.03125 0.0546875
0 0.625 0.265625 0.0578125 0.059375
0 0.53203125 0.121875 0.06875 0.0640625
0 0.35546875 0.10234375 0.053125 0.0453125
0 0.4078125 0.12421875 0.0578125 0.059375
0 0.3375 0.18359375 0.0265625 0.021875
0 0.27265625 0.22890625 0.0578125 0.05625
0 0.35703125 0.27109375 0.071875 0.0671875