0 0.534375 0.390625 0.034375 0.0390625
0 0.165625 0.51484375 0.05 0.0421875
0 0.10078125 0.528125 0.04375 0.0625
0 0.10703125 0.4671875 0.0515625 0.0375
0 0.1390625 0.4875 0.0421875 0.040625
0 0.3125 0.31484375 0.034375 0.03125
0 0.2953125 0.6234375 0.0359375 0.0421875
0 0.17265625 0.66875 0.0390625 0.0390625
0 0.23984375 0.6734375 0.034375 0.03125
0 0.1734375 0.69921875 0.028125 0.025
0 0.1796875 0.753125 0.0453125 0.0375
0 0.2546875 0.765625 0.040625 0.0421875
0 0.41953125 0.93515625 0.053125 0.04375
0 0.3640625 0.81875 0.0390625 0.0375
0 0.33203125 0.765625 0.0359375 0.046875
0 0.509375 0.88203125 0.0578125 0.0453125
0 0.34765625 0.22890625 0.0390625 0.034375
0 0.3640625 0.25859375 0.046875 0.0484375
0 0.5078125 0.2375 0.04375 0.0421875
0 0.26328125 0.7015625 0.0359375 0.0421875
0 0.42421875 0.78359375 0.0390625 0.0234375
0 0.39921875 0.76875 0.0390625 0.025
0 0.37265625 0.73984375 0.0265625 0.03125
0 0.54609375 0.9375 0.0390625 0.0421875