0 0.88203125 0.6046875 0.0296875 0.04375
0 0.828125 0.57734375 0.05 0.0296875
0 0.7609375 0.53125 0.046875 0.05
0 0.7171875 0.5203125 0.034375 0.040625
0 0.53984375 0.57265625 0.0390625 0.0328125
0 0.5828125 0.56484375 0.05625 0.0390625
0 0.58046875 0.60859375 0.0515625 0.0421875
0 0.48359375 0.62890625 0.0453125 0.0453125
0 0.72421875 0.59921875 0.0390625 0.0265625
0 0.61796875 0.64765625 0.0421875 0.0296875
0 0.6765625 0.55703125 0.040625 0.0296875
0 0.74609375 0.69609375 0.0515625 0.0265625
0 0.71171875 0.68359375 0.0515625 0.0421875
0 0.640625 0.6921875 0.034375 0.025
0 0.5390625 0.7 0.0375 0.040625
0 0.62109375 0.74296875 0.0453125 0.0359375
0 0.64296875 0.79609375 0.0390625 0.0640625
0 0.73046875 0.740625 0.0390625 0.034375
0 0.74296875 0.7796875 0.0515625 0.040625
0 0.56796875 0.7953125 0.0421875 0.04375
0 0.6 0.25390625 0.059375 0.0453125
0 0.52109375 0.2125 0.0578125 0.05
0 0.3515625 0.26640625 0.046875 0.0328125
0 0.27734375 0.2578125 0.0640625 0.05
0 0.3859375 0.39296875 0.05625 0.0515625
0 0.52890625 0.62421875 0.0359375 0.0484375
0 0.78828125 0.60234375 0.0546875 0.0578125
0 0.7078125 0.62734375 0.059375 0.0484375
0 0.596875 0.7078125 0.040625 0.05
0 0.6421875 0.5125 0.046875 0.034375
0 0.796875 0.7421875 0.059375 0.053125
0 0.571875 0.85546875 0.06875 0.0671875
0 0.5015625 0.8640625 0.046875 0.046875
0 0.740625 0.921875 0.05625 0.053125
0 0.3703125 0.48125 0.0375 0.040625
0 0.41953125 0.4921875 0.0421875 0.028125
0 0.6546875 0.89140625 0.040625 0.0234375
0 0.5140625 0.921875 0.0375 0.03125
0 0.32890625 0.88359375 0.0296875 0.0359375
0 0.45078125 0.82109375 0.0359375 0.0390625
0 0.48125 0.76171875 0.05625 0.0484375
0 0.5328125 0.7296875 0.03125 0.025
0 0.678125 0.759375 0.034375 0.05625
0 0.82890625 0.7421875 0.0390625 0.04375
0 0.64375 0.6140625 0.04375 0.034375
0 0.5765625 0.65625 0.05 0.04375
0 0.31640625 0.30546875 0.0671875 0.0421875
0 0.4328125 0.2546875 0.03125 0.03125
0 0.32890625 0.23203125 0.0421875 0.0234375
0 0.39765625 0.83671875 0.0421875 0.0265625
0 0.3640625 0.86015625 0.0375 0.0359375
0 0.31328125 0.85390625 0.0296875 0.0234375
0 0.53671875 0.05625 0.0421875 0.028125
0 0.5859375 0.1140625 0.046875 0.03125