0 0.5640625 0.3390625 0.046875 0.040625
0 0.76484375 0.29296875 0.025 0.0359375
0 0.8171875 0.4453125 0.04375 0.0453125
0 0.27109375 0.4890625 0.046875 0.05
0 0.29140625 0.68125 0.040625 0.0296875
0 0.359375 0.77265625 0.0421875 0.0421875
0 0.4046875 0.78359375 0.025 0.0296875
0 0.43125 0.68515625 0.03125 0.03125
0 0.40390625 0.8671875 0.0203125 0.021875
0 0.3484375 0.6359375 0.04375 0.05
0 0.3109375 0.5859375 0.0609375 0.059375
0 0.54453125 0.7234375 0.040625 0.040625
0 0.5015625 0.80546875 0.034375 0.040625
0 0.45234375 0.7765625 0.04375 0.0484375
0 0.3109375 0.62421875 0.0453125 0.04375