1 0.2421875 0.23828125 0.0203125 0.0265625
1 0.26015625 0.2390625 0.0328125 0.0453125
1 0.2515625 0.2546875 0.021875 0.0234375
4 0.36796875 0.20546875 0.0609375 0.0796875
1 0.36328125 0.2703125 0.0265625 0.0296875
1 0.4359375 0.3671875 0.0296875 0.04375
1 0.47265625 0.409375 0.028125 0.034375
1 0.46328125 0.54765625 0.0265625 0.0390625
1 0.5328125 0.56640625 0.025 0.03125
1 0.33125 0.6703125 0.025 0.034375
1 0.41875 0.64375 0.0234375 0.03125
1 0.43515625 0.64609375 0.0234375 0.03125
1 0.4359375 0.66171875 0.0203125 0.0265625
1 0.4453125 0.67265625 0.021875 0.034375
4 0.309375 0.76484375 0.0265625 0.0390625
1 0.459375 0.70703125 0.015625 0.0171875
1 0.46875 0.7203125 0.015625 0.0203125
1 0.4578125 0.72890625 0.0203125 0.0265625
1 0.45625 0.73359375 0.015625 0.0171875
4 0.478125 0.7234375 0.0625 0.071875
4 0.3515625 0.79296875 0.0203125 0.0265625
4 0.44765625 0.75234375 0.04375 0.05
1 0.65390625 0.65234375 0.0328125 0.0453125
1 0.484375 0.771875 0.03125 0.0375
4 0.403125 0.8296875 0.0203125 0.0265625
1 0.4625 0.8109375 0.0234375 0.0265625
4 0.7 0.69765625 0.034375 0.0421875
4 0.45703125 0.859375 0.015625 0.0203125
4 0.5015625 0.93046875 0.015625 0.0171875
4 0.45234375 0.96171875 0.015625 0.0203125