0 0.665625 0.4734375 0.040625 0.021875
0 0.1953125 0.8703125 0.084375 0.034375
0 0.475 0.93046875 0.05 0.0421875
0 0.4828125 0.88046875 0.046875 0.0328125
0 0.55625 0.88515625 0.0375 0.0328125
0 0.59765625 0.875 0.0484375 0.028125
0 0.51875 0.84453125 0.03125 0.0265625
0 0.57109375 0.81171875 0.0484375 0.0234375
0 0.49375 0.80703125 0.040625 0.0453125
0 0.4515625 0.76015625 0.04375 0.0296875
0 0.515625 0.75 0.04375 0.05625
0 0.4546875 0.7265625 0.0375 0.01875
0 0.5671875 0.71875 0.053125 0.040625
0 0.5875 0.75546875 0.053125 0.0390625
0 0.57265625 0.66015625 0.0703125 0.0390625
0 0.50546875 0.6359375 0.0578125 0.0375
0 0.4390625 0.62421875 0.08125 0.0328125
0 0.45 0.58984375 0.040625 0.0171875
0 0.50859375 0.5453125 0.0578125 0.03125
0 0.3875 0.578125 0.04375 0.0375
0 0.64375 0.65234375 0.05 0.0515625
0 0.68046875 0.58515625 0.0640625 0.0265625
0 0.7546875 0.59453125 0.04375 0.0296875
0 0.70078125 0.6203125 0.0578125 0.0375
0 0.71796875 0.6484375 0.0703125 0.025
0 0.69765625 0.6859375 0.0640625 0.040625
0 0.65 0.72578125 0.090625 0.0578125
0 0.60703125 0.58515625 0.0640625 0.0265625
0 0.6234375 0.5078125 0.05 0.04375
0 0.6921875 0.51015625 0.046875 0.0359375
0 0.70859375 0.54296875 0.0578125 0.0421875
0 0.73984375 0.475 0.0609375 0.0375
0 0.7609375 0.4484375 0.08125 0.0375
0 0.7375 0.42578125 0.08125 0.0421875
0 0.67734375 0.42109375 0.0765625 0.0515625
0 0.6640625 0.37265625 0.084375 0.0453125
0 0.684375 0.32109375 0.078125 0.0296875
0 0.69765625 0.28828125 0.0765625 0.0234375
0 0.7296875 0.3609375 0.075 0.059375
0 0.5578125 0.328125 0.08125 0.01875
0 0.51171875 0.2234375 0.1109375 0.0625
0 0.53359375 0.28984375 0.0734375 0.0421875
0 0.340625 0.2625 0.084375 0.04375
0 0.3328125 0.215625 0.084375 0.05625
0 0.39375 0.17421875 0.078125 0.0390625
0 0.51875 0.16953125 0.078125 0.0453125
0 0.2578125 0.40234375 0.08125 0.0421875
0 0.24140625 0.35859375 0.0703125 0.0421875
0 0.3921875 0.71796875 0.053125 0.0328125
0 0.2453125 0.70703125 0.05 0.0296875
0 0.3046875 0.85390625 0.040625 0.0265625
0 0.28359375 0.96015625 0.0484375 0.0328125
0 0.4203125 0.88828125 0.04375 0.0421875
0 0.38828125 0.9484375 0.0484375 0.028125
0 0.65234375 0.875 0.0609375 0.040625
0 0.73984375 0.78984375 0.0484375 0.0328125
0 0.7203125 0.828125 0.040625 0.034375
0 0.8375 0.69921875 0.040625 0.0328125
0 0.19921875 0.2140625 0.0546875 0.03125
0 0.415625 0.68359375 0.046875 0.0390625
0 0.48203125 0.703125 0.0578125 0.028125
0 0.5484375 0.5890625 0.040625 0.028125
0 0.57109375 0.6203125 0.0546875 0.03125
0 0.775 0.63203125 0.04375 0.0390625