0 0.53046875 0.54453125 0.0484375 0.059375
0 0.37734375 0.56796875 0.04375 0.0484375
0 0.4109375 0.6234375 0.034375 0.0546875
0 0.43203125 0.67421875 0.0453125 0.0671875
0 0.35703125 0.6328125 0.05 0.0671875
0 0.5078125 0.69296875 0.0421875 0.0609375
0 0.44765625 0.7796875 0.0359375 0.0671875
0 0.59453125 0.7171875 0.03125 0.034375
0 0.6078125 0.74296875 0.05 0.08125
0 0.54921875 0.62421875 0.034375 0.05
0 0.6046875 0.64453125 0.0734375 0.075
0 0.35859375 0.4078125 0.0546875 0.0953125
0 0.3765625 0.3421875 0.05 0.0703125
0 0.39296875 0.41015625 0.05 0.075
0 0.5890625 0.52421875 0.0578125 0.0375
0 0.53046875 0.27421875 0.05625 0.0875
0 0.57890625 0.19140625 0.0484375 0.0828125
0 0.5609375 0.33515625 0.046875 0.0765625
0 0.6203125 0.17421875 0.0421875 0.0875
0 0.65234375 0.21328125 0.0453125 0.0671875
0 0.71796875 0.23203125 0.0453125 0.0515625
0 0.7078125 0.26875 0.034375 0.065625
0 0.7171875 0.3234375 0.028125 0.0625
0 0.61875 0.4046875 0.059375 0.0734375
0 0.64140625 0.48046875 0.059375 0.08125
0 0.6796875 0.4796875 0.0640625 0.0765625
0 0.72734375 0.52265625 0.0703125 0.0859375
0 0.665625 0.5640625 0.0484375 0.0625
0 0.70625 0.58203125 0.034375 0.04375
0 0.7328125 0.63515625 0.0625 0.0796875