2 0.553125 0.365625 0.0453125 0.0453125
2 0.53671875 0.440625 0.059375 0.059375
2 0.18046875 0.53515625 0.053125 0.0515625
2 0.24453125 0.57578125 0.0546875 0.04375
2 0.22109375 0.628125 0.0453125 0.05
2 0.3640625 0.621875 0.0859375 0.075
2 0.8171875 0.6125 0.034375 0.04375
2 0.740625 0.62734375 0.0390625 0.040625
2 0.33125 0.69375 0.05 0.0453125
2 0.42109375 0.703125 0.04375 0.0390625
2 0.42109375 0.709375 0.053125 0.046875
2 0.50859375 0.70390625 0.0734375 0.0578125
2 0.63046875 0.68828125 0.0375 0.0359375
2 0.303125 0.75546875 0.04375 0.0609375
2 0.5328125 0.2515625 0.0921875 0.05625