0 0.4890625 0.31953125 0.040625 0.0328125
0 0.3625 0.7109375 0.040625 0.05
0 0.65703125 0.7296875 0.0515625 0.0375
0 0.646875 0.7875 0.040625 0.053125
0 0.67109375 0.575 0.0390625 0.0375
0 0.5640625 0.8984375 0.05 0.0375
0 0.53125 0.93125 0.021875 0.059375
0 0.5578125 0.9359375 0.025 0.0375
0 0.58203125 0.9296875 0.0203125 0.0375
0 0.55625 0.96796875 0.03125 0.0265625
0 0.640625 0.94140625 0.04375 0.0421875
0 0.6765625 0.903125 0.0125 0.046875
0 0.64375 0.8765625 0.059375 0.0375
0 0.58671875 0.66328125 0.0484375 0.0484375
0 0.54453125 0.6953125 0.0546875 0.040625
0 0.5328125 0.7734375 0.05 0.053125
0 0.5828125 0.79609375 0.046875 0.0515625
0 0.53125 0.82109375 0.040625 0.0296875
0 0.49296875 0.83359375 0.0296875 0.0484375
0 0.42265625 0.846875 0.0515625 0.03125
0 0.4859375 0.86875 0.05 0.053125
0 0.53515625 0.8640625 0.0390625 0.04375
0 0.5734375 0.86015625 0.046875 0.0484375
0 0.459375 0.9125 0.021875 0.05
0 0.49765625 0.9140625 0.0484375 0.046875
0 0.4078125 0.30859375 0.034375 0.0421875
0 0.45859375 0.28203125 0.0296875 0.0328125
0 0.45625 0.20703125 0.025 0.0328125
0 0.5734375 0.21640625 0.03125 0.0453125
0 0.62109375 0.18984375 0.0453125 0.0390625
0 0.6140625 0.084375 0.04375 0.03125
0 0.525 0.284375 0.053125 0.0375
0 0.54609375 0.3109375 0.0421875 0.028125
0 0.490625 0.371875 0.059375 0.040625
0 0.62734375 0.275 0.0359375 0.028125
0 0.46640625 0.16875 0.0296875 0.034375
0 0.37734375 0.65 0.0828125 0.05625
0 0.33359375 0.4421875 0.0359375 0.034375
0 0.3109375 0.38125 0.034375 0.025
0 0.434375 0.7625 0.034375 0.028125
0 0.3203125 0.75703125 0.0375 0.0390625
0 0.3515625 0.8203125 0.03125 0.03125
0 0.4421875 0.6734375 0.04375 0.0375
0 0.3921875 0.18671875 0.046875 0.0265625
0 0.76171875 0.159375 0.0359375 0.025
0 0.684375 0.290625 0.04375 0.040625
0 0.76875 0.3234375 0.040625 0.0375
0 0.57578125 0.16171875 0.0421875 0.0328125
0 0.50234375 0.15390625 0.0421875 0.0359375
0 0.43203125 0.2375 0.0421875 0.03125
0 0.4765625 0.24296875 0.040625 0.0390625
0 0.38359375 0.2765625 0.0390625 0.028125
0 0.5046875 0.20859375 0.04375 0.0328125
0 0.48359375 0.4125 0.0359375 0.040625
0 0.68125 0.13203125 0.059375 0.0296875
0 0.559375 0.09765625 0.03125 0.0328125
0 0.68125 0.17109375 0.046875 0.0359375
0 0.6796875 0.77421875 0.0375 0.0390625
0 0.7140625 0.77578125 0.05 0.0390625
0 0.74765625 0.89921875 0.0359375 0.0453125