0 0.44375 0.196875 0.0328125 0.0390625
0 0.68984375 0.3828125 0.0375 0.04375
0 0.5421875 0.50859375 0.0515625 0.040625
0 0.41015625 0.58515625 0.0578125 0.0609375
0 0.396875 0.6234375 0.0390625 0.0375
0 0.5015625 0.59921875 0.04375 0.025
0 0.4953125 0.57890625 0.04375 0.03125
0 0.61328125 0.6140625 0.0359375 0.0390625
0 0.5515625 0.6109375 0.03125 0.0296875
0 0.53671875 0.646875 0.040625 0.025
0 0.4890625 0.628125 0.03125 0.0359375
0 0.559375 0.66953125 0.0375 0.028125
0 0.5265625 0.678125 0.0328125 0.0296875
0 0.5484375 0.7078125 0.0421875 0.0328125
0 0.50625 0.6953125 0.0375 0.025
0 0.4921875 0.68125 0.0484375 0.03125
0 0.44609375 0.65859375 0.0359375 0.0234375
0 0.45234375 0.6875 0.0328125 0.025
0 0.4703125 0.7140625 0.0359375 0.0328125
0 0.4875 0.75078125 0.03125 0.040625
0 0.5140625 0.73203125 0.0328125 0.0234375
0 0.53359375 0.7515625 0.0265625 0.0375
0 0.52421875 0.78046875 0.0234375 0.03125
0 0.48828125 0.7984375 0.028125 0.0265625
0 0.5203125 0.8375 0.028125 0.0328125