0 0.6078125 0.3953125 0.0203125 0.0328125
0 0.60546875 0.41953125 0.03125 0.0375
0 0.53515625 0.4671875 0.034375 0.0359375
0 0.59375 0.4578125 0.0390625 0.0421875
0 0.6015625 0.48515625 0.034375 0.0390625
0 0.59453125 0.5296875 0.0234375 0.03125
0 0.61875 0.51796875 0.0203125 0.03125
0 0.63125 0.54921875 0.0375 0.0359375
0 0.6578125 0.503125 0.040625 0.046875
0 0.63046875 0.46015625 0.04375 0.053125
0 0.63828125 0.41953125 0.05625 0.0515625
0 0.690625 0.565625 0.0265625 0.0375
0 0.65390625 0.61328125 0.0234375 0.0265625
0 0.634375 0.63046875 0.025 0.0375
0 0.55546875 0.82109375 0.0359375 0.0421875
0 0.58984375 0.87578125 0.0328125 0.0453125
0 0.61640625 0.86796875 0.0375 0.046875
0 0.64140625 0.8546875 0.04375 0.0546875