0 0.63125 0.4265625 0.0125 0.03125
0 0.62265625 0.44921875 0.0234375 0.0328125
0 0.5421875 0.47734375 0.028125 0.0296875
0 0.6015625 0.48359375 0.03125 0.0359375
0 0.60234375 0.51171875 0.0265625 0.0328125
0 0.58359375 0.553125 0.0171875 0.028125
0 0.61015625 0.5484375 0.0140625 0.028125
0 0.6140625 0.58125 0.03125 0.028125
0 0.6515625 0.54375 0.03125 0.040625
0 0.63671875 0.4953125 0.0328125 0.046875
0 0.6546875 0.4578125 0.046875 0.040625
0 0.6671875 0.6125 0.01875 0.034375
0 0.61953125 0.64921875 0.0171875 0.0234375
0 0.59609375 0.6609375 0.0171875 0.034375
0 0.4703125 0.82421875 0.028125 0.0359375
0 0.48984375 0.8859375 0.0234375 0.040625
0 0.5171875 0.8859375 0.028125 0.040625
0 0.54453125 0.87890625 0.0328125 0.0484375