1 0.38359375 0.1515625 0.0109375 0.021875
1 0.39765625 0.16015625 0.0171875 0.0390625
1 0.38515625 0.17109375 0.0140625 0.0171875
4 0.509375 0.17734375 0.034375 0.0640625
1 0.47734375 0.2328125 0.0171875 0.021875
1 0.50078125 0.35234375 0.0140625 0.0390625
1 0.51640625 0.40625 0.0171875 0.025
1 0.44609375 0.5265625 0.0109375 0.034375
1 0.50078125 0.57265625 0.0140625 0.0265625
1 0.27265625 0.57890625 0.0109375 0.0296875
1 0.3640625 0.59375 0.0125 0.025
1 0.3765625 0.60234375 0.0125 0.0265625
1 0.37109375 0.6171875 0.0109375 0.021875
1 0.375 0.63046875 0.009375 0.0296875
4 0.2125 0.6546875 0.0125 0.034375
1 0.3734375 0.66875 0.009375 0.0125
1 0.375 0.68359375 0.009375 0.0171875
1 0.36171875 0.6859375 0.0109375 0.021875
1 0.3578125 0.690625 0.009375 0.0125
4 0.38203125 0.68984375 0.0390625 0.0546875
4 0.23671875 0.6984375 0.0109375 0.021875
4 0.34296875 0.703125 0.0265625 0.0375
1 0.57109375 0.703125 0.0171875 0.0375
1 0.365625 0.73828125 0.01875 0.0296875
4 0.26796875 0.75390625 0.0109375 0.0203125
1 0.33046875 0.7625 0.0140625 0.021875
4 0.59375 0.765625 0.01875 0.034375
4 0.30390625 0.80390625 0.0078125 0.0171875
4 0.3125 0.8875 0.009375 0.0125
4 0.2546875 0.89296875 0.009375 0.0171875