0 0.51953125 0.55 0.0515625 0.0625
0 0.36484375 0.53828125 0.046875 0.05
0 0.3859375 0.6 0.0359375 0.0546875
0 0.39453125 0.6546875 0.0484375 0.06875
0 0.33125 0.596875 0.053125 0.0703125
0 0.4640625 0.68984375 0.0453125 0.0625
0 0.3859375 0.7609375 0.040625 0.0671875
0 0.54296875 0.7328125 0.0328125 0.0359375
0 0.55 0.7609375 0.0546875 0.0828125
0 0.5203125 0.63203125 0.0359375 0.05
0 0.56953125 0.6640625 0.0765625 0.078125
0 0.3828125 0.37890625 0.059375 0.0984375
0 0.41484375 0.31875 0.053125 0.071875
0 0.41640625 0.3890625 0.053125 0.0765625
0 0.58125 0.54375 0.059375 0.040625
0 0.58046875 0.28671875 0.0609375 0.0890625
0 0.64609375 0.2171875 0.053125 0.084375
0 0.59609375 0.353125 0.05 0.078125
0 0.690625 0.209375 0.0453125 0.0890625
0 0.7125 0.2546875 0.0484375 0.06875
0 0.77265625 0.28828125 0.046875 0.053125
0 0.7546875 0.32109375 0.0375 0.065625
0 0.7515625 0.3765625 0.03125 0.0640625
0 0.63671875 0.434375 0.0625 0.075
0 0.64140625 0.5125 0.0625 0.0828125
0 0.6796875 0.5203125 0.0671875 0.0796875
0 0.71640625 0.57265625 0.075 0.0890625
0 0.646875 0.59921875 0.0515625 0.065625
0 0.6828125 0.6265625 0.0359375 0.0453125
0 0.696875 0.68359375 0.065625 0.0828125