0 0.6828125 0.4 0.05625 0.0375
0 0.421875 0.2359375 0.0578125 0.046875
0 0.70546875 0.353125 0.05 0.03125
0 0.778125 0.53671875 0.040625 0.0484375
0 0.7265625 0.48359375 0.03125 0.0421875
0 0.73046875 0.5484375 0.0484375 0.046875
0 0.65625 0.57265625 0.0546875 0.05
0 0.70625 0.58984375 0.0390625 0.03125
0 0.73984375 0.60390625 0.0390625 0.025
0 0.740625 0.62734375 0.0421875 0.04375
0 0.77890625 0.628125 0.04375 0.040625
0 0.65078125 0.59921875 0.05 0.0421875
0 0.690625 0.615625 0.0375 0.028125
0 0.6421875 0.6453125 0.053125 0.046875
0 0.67890625 0.73828125 0.04375 0.040625
0 0.6875 0.69453125 0.05625 0.04375
0 0.59375 0.703125 0.046875 0.046875
0 0.62265625 0.73046875 0.0359375 0.0390625
0 0.5078125 0.6578125 0.028125 0.034375
0 0.48984375 0.67890625 0.03125 0.04375
0 0.52421875 0.72734375 0.0484375 0.0359375
0 0.50234375 0.7515625 0.0515625 0.0484375
0 0.5640625 0.78125 0.05 0.0484375
0 0.53359375 0.8078125 0.0421875 0.04375
0 0.58359375 0.83984375 0.0453125 0.04375
0 0.43515625 0.940625 0.053125 0.040625