0 0.50859375 0.0625 0.053125 0.0375
0 0.37109375 0.128125 0.0609375 0.059375
0 0.51796875 0.66640625 0.0484375 0.0328125
0 0.48046875 0.6296875 0.046875 0.040625
0 0.4640625 0.696875 0.065625 0.0453125
0 0.34140625 0.85078125 0.0375 0.0484375
0 0.515625 0.86640625 0.0453125 0.046875
0 0.653125 0.8265625 0.03125 0.0375
0 0.07734375 0.6078125 0.0140625 0.0203125
0 0.26171875 0.10546875 0.053125 0.0375
0 0.29296875 0.04375 0.0671875 0.05
0 0.2078125 0.2234375 0.040625 0.053125
0 0.11015625 0.25078125 0.0453125 0.0328125
0 0.11015625 0.3015625 0.0390625 0.0375
0 0.13125 0.33125 0.0390625 0.0359375
0 0.19140625 0.290625 0.071875 0.0625
0 0.27109375 0.1765625 0.0421875 0.0328125
0 0.103125 0.37890625 0.0578125 0.04375
0 0.0828125 0.42421875 0.0578125 0.0515625
0 0.18515625 0.53671875 0.0234375 0.0421875
0 0.1921875 0.72109375 0.0578125 0.04375
0 0.14296875 0.646875 0.046875 0.0515625
0 0.38203125 0.63203125 0.046875 0.0296875
0 0.38125 0.66953125 0.034375 0.0578125
0 0.15625 0.84765625 0.06875 0.06875