4 0.35 0.36875 0.0125 0.021875
4 0.37578125 0.37265625 0.0109375 0.0234375
4 0.6984375 0.4109375 0.01875 0.025
4 0.3046875 0.4109375 0.0125 0.01875
4 0.33125 0.459375 0.01875 0.025
4 0.4484375 0.47109375 0.025 0.0265625
4 0.384375 0.49375 0.025 0.021875
4 0.4484375 0.553125 0.071875 0.0375
4 0.284375 0.578125 0.01875 0.021875
4 0.403125 0.6578125 0.028125 0.021875
4 0.4328125 0.67578125 0.01875 0.0203125
4 0.4796875 0.68203125 0.0125 0.0265625
4 0.3984375 0.7484375 0.01875 0.021875
4 0.51171875 0.803125 0.0265625 0.028125
4 0.578125 0.83203125 0.0375 0.0234375
4 0.4265625 0.83515625 0.015625 0.0140625
4 0.48125 0.8578125 0.015625 0.01875
4 0.509375 0.86640625 0.025 0.0171875
4 0.54375 0.125 0.01875 0.025
4 0.49375 0.1390625 0.01875 0.01875
4 0.5265625 0.20234375 0.021875 0.0140625
4 0.30859375 0.2234375 0.0265625 0.025
4 0.4359375 0.25078125 0.01875 0.0140625
4 0.2703125 0.259375 0.028125 0.028125
4 0.3265625 0.27734375 0.01875 0.0265625