0 0.496875 0.8296875 0.0375 0.034375
0 0.340625 0.22734375 0.025 0.0171875
0 0.33203125 0.74921875 0.0328125 0.0390625
0 0.36171875 0.86484375 0.0578125 0.0203125
0 0.36953125 0.89609375 0.0421875 0.0296875
0 0.41171875 0.9125 0.0390625 0.03125
0 0.328125 0.90546875 0.034375 0.0234375
0 0.34140625 0.92890625 0.0296875 0.0265625
0 0.2796875 0.90390625 0.028125 0.0265625
0 0.246875 0.8984375 0.025 0.046875
0 0.55703125 0.8234375 0.0390625 0.028125
0 0.5375 0.86171875 0.034375 0.0421875
0 0.58203125 0.86171875 0.0390625 0.0265625