2 0.403125 0.39375 0.05 0.05
2 0.44296875 0.4578125 0.065625 0.065625
2 0.80703125 0.4203125 0.0578125 0.05625
2 0.76484375 0.478125 0.059375 0.05
2 0.80546875 0.51875 0.05 0.0546875
2 0.6703125 0.565625 0.0921875 0.0828125
2 0.246875 0.71875 0.0390625 0.0484375
2 0.3234375 0.703125 0.04375 0.04375
2 0.72734375 0.62109375 0.0546875 0.0515625
2 0.646875 0.66171875 0.0484375 0.04375
2 0.64609375 0.66953125 0.0578125 0.0515625
2 0.565625 0.69375 0.078125 0.065625
2 0.44765625 0.72265625 0.0421875 0.040625
2 0.7734375 0.66953125 0.0515625 0.0640625
2 0.38125 0.2796875 0.0984375 0.065625