0 0.48046875 0.240625 0.0203125 0.04375
0 0.559375 0.4109375 0.040625 0.028125
0 0.4078125 0.70625 0.03125 0.034375
0 0.44609375 0.72890625 0.0390625 0.0171875
0 0.421875 0.7546875 0.040625 0.025
0 0.3734375 0.7328125 0.040625 0.0375
0 0.28046875 0.7265625 0.0421875 0.034375
0 0.2859375 0.75859375 0.04375 0.0265625
0 0.3453125 0.7921875 0.046875 0.025
0 0.38125 0.8375 0.028125 0.03125
0 0.3234375 0.83203125 0.04375 0.0421875
0 0.58515625 0.89375 0.0359375 0.03125
0 0.59765625 0.925 0.0359375 0.025
0 0.384375 0.9328125 0.04375 0.0375