0 0.51328125 0.23125 0.021875 0.0234375
0 0.47734375 0.18359375 0.0359375 0.0703125
0 0.52109375 0.15859375 0.0265625 0.0578125
0 0.60703125 0.1578125 0.0390625 0.065625
0 0.64921875 0.18359375 0.034375 0.0578125
0 0.60546875 0.0984375 0.028125 0.046875
0 0.54375 0.103125 0.0421875 0.0578125
0 0.49921875 0.35 0.0234375 0.053125
0 0.6984375 0.6046875 0.028125 0.03125
0 0.7515625 0.61640625 0.034375 0.0578125
0 0.771875 0.64921875 0.0296875 0.015625
0 0.71953125 0.86953125 0.0265625 0.0375
0 0.72890625 0.9078125 0.034375 0.0609375
0 0.7625 0.8484375 0.0265625 0.053125
0 0.66484375 0.86640625 0.0234375 0.06875
0 0.78671875 0.4859375 0.0375 0.065625
0 0.75703125 0.54140625 0.03125 0.0578125
0 0.63359375 0.68984375 0.0421875 0.059375
0 0.665625 0.69140625 0.034375 0.0296875
0 0.6671875 0.725 0.0359375 0.028125
0 0.72109375 0.8109375 0.0171875 0.06875
0 0.68515625 0.79609375 0.0328125 0.028125
0 0.7375 0.784375 0.021875 0.03125
0 0.74453125 0.7390625 0.0265625 0.0375
0 0.75625 0.8140625 0.0328125 0.03125
0 0.76953125 0.76484375 0.034375 0.0375
0 0.76875 0.7296875 0.021875 0.01875
0 0.77265625 0.68046875 0.0375 0.04375
0 0.74765625 0.68125 0.0125 0.0421875
0 0.73359375 0.72265625 0.021875 0.0265625
0 0.68828125 0.67578125 0.01875 0.0328125
0 0.7015625 0.65625 0.0375 0.05
0 0.7140625 0.7046875 0.028125 0.059375
0 0.62734375 0.63515625 0.021875 0.0484375
0 0.42109375 0.65859375 0.0390625 0.034375
0 0.43515625 0.696875 0.0203125 0.0390625
0 0.6546875 0.58359375 0.0203125 0.03125
0 0.54765625 0.2421875 0.0265625 0.0515625
0 0.453125 0.1234375 0.025 0.0421875
0 0.49453125 0.06875 0.0421875 0.0421875
0 0.57578125 0.18984375 0.034375 0.046875
0 0.7296875 0.340625 0.04375 0.0578125
0 0.79296875 0.63984375 0.028125 0.0546875
0 0.71484375 0.97109375 0.0421875 0.0453125
0 0.6734375 0.96796875 0.040625 0.0546875
0 0.68203125 0.7609375 0.034375 0.0484375
0 0.66171875 0.7828125 0.0328125 0.053125
0 0.68828125 0.83203125 0.0265625 0.046875
0 0.39921875 0.6234375 0.0265625 0.04375
0 0.41875 0.77265625 0.0296875 0.05625
0 0.43828125 0.26171875 0.0359375 0.0578125
0 0.72890625 0.5671875 0.0203125 0.046875
0 0.7203125 0.753125 0.028125 0.0421875
0 0.72734375 0.62421875 0.025 0.046875
0 0.653125 0.634375 0.0265625 0.046875
0 0.5078125 0.2703125 0.0296875 0.05