0 0.4875 0.10859375 0.071875 0.0546875
0 0.321875 0.33359375 0.053125 0.0546875
0 0.38203125 0.30390625 0.0765625 0.0421875
0 0.50078125 0.7328125 0.0640625 0.04375
0 0.25625 0.7140625 0.071875 0.046875
0 0.38046875 0.515625 0.0546875 0.053125
0 0.440625 0.44140625 0.065625 0.0515625
0 0.5328125 0.22578125 0.05 0.0578125
0 0.4296875 0.37265625 0.071875 0.0640625
0 0.35078125 0.3984375 0.0640625 0.075
0 0.5609375 0.5234375 0.075 0.05
0 0.59140625 0.6046875 0.0671875 0.0625
0 0.434375 0.56015625 0.0875 0.0734375
0 0.39921875 0.6578125 0.0859375 0.053125
0 0.58359375 0.6640625 0.0921875 0.0625
0 0.559375 0.709375 0.078125 0.059375
0 0.40234375 0.7140625 0.0640625 0.065625
0 0.3375 0.69921875 0.078125 0.0609375
0 0.31640625 0.7640625 0.0921875 0.06875
0 0.46171875 0.81953125 0.0828125 0.0578125
0 0.59140625 0.790625 0.1234375 0.05625
0 0.57421875 0.85390625 0.0609375 0.0390625
0 0.77421875 0.87109375 0.1046875 0.0640625
0 0.721875 0.60859375 0.078125 0.0703125
0 0.64296875 0.58671875 0.0640625 0.0578125
0 0.51796875 0.584375 0.0921875 0.0625
0 0.6890625 0.134375 0.05 0.040625
0 0.45703125 0.18046875 0.0703125 0.0484375
0 0.35703125 0.46328125 0.0734375 0.0328125
0 0.3015625 0.54921875 0.0625 0.0453125
0 0.659375 0.75859375 0.053125 0.0390625
0 0.77421875 0.77578125 0.0578125 0.0328125
0 0.83984375 0.7765625 0.0453125 0.040625
0 0.9296875 0.54453125 0.05625 0.0484375
0 0.76484375 0.50546875 0.0390625 0.0296875
0 0.81328125 0.50625 0.0671875 0.0375
0 0.7890625 0.5484375 0.06875 0.04375
0 0.76015625 0.4484375 0.0390625 0.028125
0 0.7875 0.46328125 0.0375 0.0265625
0 0.81171875 0.3421875 0.0453125 0.028125
0 0.71328125 0.24765625 0.0546875 0.0421875
0 0.603125 0.1140625 0.05625 0.040625
0 0.36015625 0.8265625 0.0703125 0.05
0 0.25859375 0.6578125 0.0515625 0.0375
0 0.4734375 0.66171875 0.059375 0.0796875
0 0.26171875 0.8421875 0.0484375 0.040625
0 0.3234375 0.91484375 0.078125 0.0609375
0 0.65078125 0.9140625 0.0640625 0.05
0 0.6921875 0.85546875 0.071875 0.0484375
0 0.61796875 0.72734375 0.0859375 0.0546875
0 0.41171875 0.50703125 0.0453125 0.0359375
0 0.57890625 0.90078125 0.0546875 0.0359375
0 0.5140625 0.503125 0.04375 0.03125
0 0.49921875 0.4765625 0.0453125 0.0375
0 0.5546875 0.4828125 0.059375 0.034375
0 0.7875 0.25859375 0.04375 0.0234375
0 0.48046875 0.24140625 0.0640625 0.0578125
0 0.41953125 0.2609375 0.0640625 0.05
0 0.4359375 0.31484375 0.05625 0.0453125
0 0.4703125 0.2953125 0.059375 0.046875
0 0.29296875 0.43359375 0.0515625 0.0390625
0 0.2859375 0.48515625 0.046875 0.0453125
0 0.471875 0.8734375 0.04375 0.040625
0 0.43203125 0.89765625 0.0578125 0.0484375