0 0.5109375 0.22421875 0.059375 0.0515625
0 0.4484375 0.29375 0.0484375 0.021875
0 0.37734375 0.31953125 0.059375 0.0375
0 0.434375 0.41015625 0.0515625 0.05625
0 0.48046875 0.41796875 0.05 0.04375
0 0.7921875 0.35234375 0.0640625 0.0484375
0 0.8796875 0.375 0.0640625 0.053125
0 0.8796875 0.49453125 0.040625 0.03125
0 0.79296875 0.51015625 0.0453125 0.0484375
0 0.8640625 0.5484375 0.05625 0.0515625
0 0.934375 0.56796875 0.0453125 0.05
0 0.75859375 0.57421875 0.0671875 0.0328125
0 0.7984375 0.60078125 0.0515625 0.0265625
0 0.8171875 0.64296875 0.05 0.0515625
0 0.7859375 0.68203125 0.0703125 0.053125
0 0.82734375 0.74453125 0.0609375 0.0515625
0 0.71796875 0.66171875 0.0734375 0.0484375
0 0.51953125 0.88203125 0.0421875 0.0484375
0 0.56328125 0.940625 0.0609375 0.0546875
0 0.64140625 0.8546875 0.0609375 0.0640625
0 0.59140625 0.8609375 0.0359375 0.053125
0 0.4046875 0.52421875 0.0703125 0.06875
0 0.48203125 0.62421875 0.075 0.065625
0 0.58515625 0.64765625 0.0796875 0.078125
0 0.6625 0.7109375 0.0359375 0.040625
0 0.7671875 0.79453125 0.034375 0.0234375
0 0.7890625 0.85234375 0.0390625 0.0296875
0 0.85078125 0.6109375 0.0484375 0.0453125
0 0.87578125 0.66953125 0.0453125 0.0515625
0 0.81015625 0.80546875 0.046875 0.0359375