4 0.446875 0.72421875 0.034375 0.03125
4 0.41796875 0.74375 0.0359375 0.0296875
4 0.3953125 0.7578125 0.0234375 0.0171875
4 0.465625 0.76484375 0.0328125 0.0265625
4 0.32421875 0.78828125 0.0375 0.028125
4 0.38828125 0.79375 0.01875 0.01875
4 0.35 0.80234375 0.0203125 0.015625
4 0.39375 0.8078125 0.0203125 0.015625
4 0.45703125 0.7984375 0.0203125 0.0171875
4 0.45 0.81328125 0.0234375 0.015625
4 0.4390625 0.85390625 0.04375 0.0328125
4 0.64140625 0.88203125 0.040625 0.0296875
4 0.43671875 0.2453125 0.04375 0.0390625