4 0.54921875 0.30625 0.0265625 0.0203125
4 0.759375 0.3734375 0.0234375 0.028125
4 0.80859375 0.378125 0.025 0.028125
4 0.7203125 0.3875 0.03125 0.03125
4 0.81015625 0.44921875 0.0234375 0.0375
4 0.796875 0.54609375 0.03125 0.0328125
4 0.79375 0.58984375 0.03125 0.025
4 0.7625 0.62578125 0.0140625 0.01875
4 0.65234375 0.628125 0.0296875 0.0328125
4 0.69765625 0.6578125 0.0171875 0.0234375
4 0.59375 0.65859375 0.0390625 0.03125
4 0.6984375 0.68203125 0.0171875 0.021875
4 0.71640625 0.69453125 0.0265625 0.028125
4 0.66484375 0.69453125 0.0234375 0.0203125
4 0.60546875 0.70390625 0.021875 0.01875
4 0.63359375 0.709375 0.025 0.025
4 0.7421875 0.71875 0.025 0.0265625
4 0.8171875 0.7484375 0.028125 0.03125
4 0.51640625 0.78515625 0.0359375 0.0171875
4 0.54921875 0.23125 0.03125 0.0234375
4 0.4828125 0.26171875 0.028125 0.01875
4 0.515625 0.275 0.0234375 0.03125