0 0.25859375 0.621875 0.0390625 0.0546875
0 0.28984375 0.590625 0.0484375 0.0609375
0 0.3109375 0.56953125 0.0421875 0.0515625
0 0.34375 0.4875 0.0203125 0.0234375
0 0.38671875 0.47109375 0.0359375 0.0609375
0 0.4078125 0.490625 0.0515625 0.0625
0 0.56875 0.7578125 0.0390625 0.0625
0 0.49609375 0.75390625 0.0421875 0.0546875
0 0.4046875 0.74453125 0.046875 0.0703125
0 0.40859375 0.6921875 0.0234375 0.0390625
0 0.44140625 0.659375 0.05 0.065625
0 0.42109375 0.6640625 0.0328125 0.0484375
0 0.434375 0.62421875 0.0421875 0.0609375
0 0.4421875 0.56875 0.0171875 0.0390625
0 0.4125 0.53203125 0.028125 0.0390625
0 0.39296875 0.56171875 0.0375 0.0609375
0 0.33359375 0.5875 0.0265625 0.0375
0 0.33515625 0.6078125 0.0234375 0.040625
0 0.30390625 0.67421875 0.05 0.0625
0 0.31640625 0.6203125 0.0453125 0.0515625
0 0.38046875 0.59765625 0.0375 0.046875
0 0.353125 0.60078125 0.0375 0.0421875
0 0.34921875 0.62578125 0.040625 0.0515625
0 0.3625 0.6515625 0.0421875 0.0546875
0 0.40078125 0.63515625 0.0484375 0.0421875
0 0.384375 0.6703125 0.04375 0.0546875
0 0.3390625 0.69609375 0.0359375 0.046875
0 0.37578125 0.6953125 0.0421875 0.065625
0 0.3609375 0.53984375 0.05 0.078125
0 0.60390625 0.63359375 0.0375 0.05
0 0.465625 0.58046875 0.0265625 0.0390625
0 0.48671875 0.68671875 0.0328125 0.0453125
0 0.46015625 0.7421875 0.034375 0.0375
0 0.325 0.53671875 0.028125 0.046875
0 0.47890625 0.3921875 0.034375 0.0375
0 0.42265625 0.35390625 0.028125 0.0375
0 0.721875 0.5 0.0359375 0.053125
0 0.75546875 0.41796875 0.04375 0.0640625
0 0.73359375 0.3796875 0.0375 0.0546875
0 0.79140625 0.34375 0.0328125 0.05
0 0.73125 0.2375 0.0484375 0.0546875
0 0.67265625 0.20703125 0.0421875 0.0578125
0 0.66171875 0.26953125 0.0359375 0.0515625
0 0.771875 0.1984375 0.0421875 0.0546875
0 0.771875 0.26875 0.05 0.065625
0 0.8078125 0.26171875 0.040625 0.0546875
0 0.8390625 0.228125 0.0453125 0.053125
0 0.80703125 0.22109375 0.0375 0.0453125
0 0.8125 0.353125 0.0375 0.053125
0 0.7078125 0.46640625 0.0421875 0.0640625
0 0.4671875 0.61796875 0.034375 0.046875
0 0.475 0.46328125 0.05 0.075
0 0.30234375 0.52109375 0.040625 0.0546875
0 0.43359375 0.4390625 0.059375 0.0703125
0 0.740625 0.2015625 0.0328125 0.0375
0 0.47890625 0.0953125 0.0328125 0.0453125
0 0.43984375 0.09765625 0.028125 0.0390625
0 0.46484375 0.08046875 0.03125 0.05625
0 0.52421875 0.05390625 0.0421875 0.0328125
0 0.45 0.53359375 0.034375 0.04375