0 0.4640625 0.32265625 0.0453125 0.0375
0 0.39296875 0.728125 0.046875 0.0546875
0 0.6875 0.70546875 0.05625 0.04375
0 0.68515625 0.7640625 0.046875 0.0578125
0 0.6796875 0.55078125 0.04375 0.0421875
0 0.61875 0.8859375 0.0546875 0.04375
0 0.590625 0.92265625 0.0296875 0.0625
0 0.61796875 0.9234375 0.0296875 0.040625
0 0.64140625 0.9140625 0.025 0.040625
0 0.62109375 0.95546875 0.034375 0.03125
0 0.70078125 0.9171875 0.0484375 0.0484375
0 0.73125 0.875 0.01875 0.0484375
0 0.69453125 0.853125 0.0640625 0.0453125
0 0.60859375 0.65 0.0546875 0.0546875
0 0.57109375 0.6875 0.059375 0.0484375
0 0.5703125 0.76640625 0.05625 0.059375
0 0.6234375 0.78203125 0.053125 0.0578125
0 0.57578125 0.81328125 0.04375 0.034375
0 0.53984375 0.83125 0.0359375 0.0515625
0 0.471875 0.85390625 0.0546875 0.0375
0 0.5375 0.8671875 0.05625 0.059375
0 0.58515625 0.85546875 0.0453125 0.0484375
0 0.62265625 0.84609375 0.053125 0.0546875
0 0.5171875 0.9140625 0.028125 0.053125
0 0.55546875 0.91015625 0.0546875 0.053125
0 0.38203125 0.3234375 0.040625 0.046875
0 0.42890625 0.28984375 0.034375 0.0359375
0 0.415625 0.215625 0.0296875 0.0359375
0 0.53359375 0.20859375 0.0375 0.05
0 0.5765625 0.17578125 0.05 0.0453125
0 0.55546875 0.07265625 0.0484375 0.0375
0 0.49453125 0.2828125 0.0578125 0.04375
0 0.51953125 0.30625 0.0453125 0.034375
0 0.47265625 0.37421875 0.0640625 0.0484375
0 0.59453125 0.259375 0.0390625 0.0328125
0 0.4203125 0.1765625 0.034375 0.0375
0 0.39921875 0.665625 0.0890625 0.0671875
0 0.32734375 0.465625 0.040625 0.0390625
0 0.29609375 0.40859375 0.0375 0.0296875
0 0.471875 0.76875 0.0375 0.0328125
0 0.3578125 0.7796875 0.0421875 0.04375
0 0.39765625 0.8375 0.0359375 0.0359375
0 0.4671875 0.6796875 0.0484375 0.04375
0 0.35 0.2046875 0.05 0.0328125
0 0.71171875 0.1265625 0.0390625 0.0296875
0 0.653125 0.2671875 0.0484375 0.046875
0 0.74140625 0.2875 0.0453125 0.0421875
0 0.528125 0.1546875 0.046875 0.0390625
0 0.45390625 0.15703125 0.046875 0.0421875
0 0.39609375 0.24921875 0.046875 0.0375
0 0.44140625 0.2484375 0.0453125 0.04375
0 0.35390625 0.2953125 0.0421875 0.0328125
0 0.4640625 0.2109375 0.0484375 0.0390625
0 0.471875 0.415625 0.040625 0.0453125
0 0.628125 0.11015625 0.0625 0.0375
0 0.503125 0.09296875 0.0359375 0.0375
0 0.63359375 0.14921875 0.0515625 0.0421875
0 0.71640625 0.746875 0.0421875 0.04375
0 0.75 0.74296875 0.0546875 0.0453125
0 0.80078125 0.8609375 0.0421875 0.05