0 0.74765625 0.546875 0.0328125 0.040625
0 0.78125 0.5328125 0.0328125 0.046875
0 0.80703125 0.515625 0.03125 0.034375
0 0.909375 0.60625 0.0453125 0.0390625
0 0.91953125 0.6828125 0.040625 0.0390625
0 0.8671875 0.6671875 0.0453125 0.059375
0 0.8828125 0.7078125 0.040625 0.0390625
0 0.88125 0.734375 0.028125 0.0328125
0 0.85 0.7609375 0.0640625 0.065625
0 0.8640625 0.80078125 0.0296875 0.0390625
0 0.721875 0.70390625 0.03125 0.0296875
0 0.73828125 0.68203125 0.028125 0.0375
0 0.77578125 0.57734375 0.0328125 0.0359375
0 0.81171875 0.5875 0.0421875 0.04375
0 0.6421875 0.5984375 0.05 0.059375
0 0.6328125 0.74609375 0.05 0.053125
0 0.61328125 0.8046875 0.05 0.040625
0 0.6703125 0.81171875 0.01875 0.040625
0 0.68984375 0.82109375 0.0296875 0.0421875
0 0.7234375 0.809375 0.0453125 0.0375
0 0.765625 0.8046875 0.0453125 0.0328125
0 0.78359375 0.83671875 0.040625 0.04375
0 0.7453125 0.83125 0.0390625 0.028125
0 0.73046875 0.8640625 0.0515625 0.05625
0 0.5609375 0.9078125 0.040625 0.0375
0 0.6140625 0.89375 0.04375 0.0484375
0 0.43671875 0.2546875 0.0421875 0.059375