0 0.24453125 0.40625 0.0578125 0.0375
0 0.28359375 0.4203125 0.0484375 0.03125
0 0.30390625 0.45546875 0.0546875 0.0640625
0 0.32265625 0.39375 0.0515625 0.0375
0 0.45859375 0.16015625 0.0234375 0.0296875
0 0.496875 0.14921875 0.046875 0.0421875
0 0.553125 0.1171875 0.046875 0.040625
0 0.59140625 0.12578125 0.0484375 0.0484375
0 0.5859375 0.1734375 0.05625 0.0375
0 0.53828125 0.22734375 0.0640625 0.0453125
0 0.58515625 0.25078125 0.0265625 0.0328125
0 0.62734375 0.265625 0.0515625 0.053125
0 0.7296875 0.221875 0.04375 0.05625
0 0.77890625 0.340625 0.0296875 0.04375
0 0.21953125 0.63671875 0.0296875 0.0265625
0 0.27734375 0.6453125 0.0328125 0.028125
0 0.25859375 0.6859375 0.0515625 0.0375
0 0.29609375 0.68203125 0.0546875 0.0421875
0 0.32421875 0.66484375 0.0421875 0.0359375
0 0.37734375 0.6609375 0.0453125 0.03125
0 0.3625 0.696875 0.025 0.025
0 0.31640625 0.715625 0.0296875 0.021875
0 0.334375 0.73203125 0.03125 0.0265625
0 0.36015625 0.74765625 0.0296875 0.0234375
0 0.3609375 0.78984375 0.034375 0.0328125
0 0.43125 0.6890625 0.05 0.04375
0 0.4796875 0.67890625 0.0375 0.0515625
0 0.53515625 0.72890625 0.0453125 0.0390625
0 0.4890625 0.73515625 0.040625 0.0421875