0 0.89609375 0.509375 0.0390625 0.05
0 0.83671875 0.4953125 0.05625 0.040625
0 0.7609375 0.4671875 0.0578125 0.059375
0 0.715625 0.4671875 0.04375 0.0484375
0 0.55625 0.5609375 0.0453125 0.040625
0 0.59609375 0.54296875 0.0640625 0.0515625
0 0.6046875 0.5859375 0.0609375 0.053125
0 0.515625 0.62890625 0.0546875 0.0546875
0 0.74140625 0.5421875 0.04375 0.0359375
0 0.65 0.61484375 0.0484375 0.0390625
0 0.68515625 0.5125 0.046875 0.0390625
0 0.7859375 0.63046875 0.05625 0.0375
0 0.75 0.6265625 0.0609375 0.053125
0 0.6828125 0.65234375 0.0390625 0.0328125
0 0.5859375 0.684375 0.046875 0.0484375
0 0.6765625 0.70625 0.053125 0.0453125
0 0.71015625 0.75234375 0.053125 0.071875
0 0.78203125 0.67734375 0.046875 0.0421875
0 0.803125 0.7125 0.059375 0.0515625
0 0.6375 0.7703125 0.0515625 0.053125
0 0.5375 0.23671875 0.06875 0.0578125
0 0.45078125 0.215625 0.06875 0.0625
0 0.29921875 0.309375 0.053125 0.04375
0 0.225 0.31875 0.075 0.0640625
0 0.36328125 0.4234375 0.0671875 0.0640625
0 0.5578125 0.61328125 0.046875 0.05625
0 0.8046875 0.5296875 0.0671875 0.06875
0 0.7328125 0.5734375 0.06875 0.0609375
0 0.64453125 0.678125 0.0515625 0.0578125
0 0.640625 0.47734375 0.053125 0.0453125
0 0.846875 0.66328125 0.0703125 0.065625
0 0.65546875 0.82734375 0.0828125 0.08125
0 0.58984375 0.853125 0.05625 0.05625
0 0.83515625 0.85078125 0.0671875 0.065625
0 0.36953125 0.51328125 0.046875 0.0484375
0 0.4203125 0.51171875 0.0484375 0.0375
0 0.74453125 0.8421875 0.0453125 0.0328125
0 0.615625 0.90625 0.04375 0.0390625
0 0.4265625 0.91328125 0.0375 0.0421875
0 0.5296875 0.8234375 0.04375 0.046875
0 0.5453125 0.75859375 0.065625 0.0609375
0 0.5875 0.71484375 0.0359375 0.03125
0 0.7359375 0.70859375 0.046875 0.0625
0 0.87734375 0.65546875 0.0484375 0.0515625
0 0.6671875 0.57578125 0.05 0.04375
0 0.61171875 0.6328125 0.059375 0.0546875
0 0.275 0.35546875 0.075 0.0578125
0 0.37578125 0.278125 0.0375 0.0375
0 0.26953125 0.28125 0.046875 0.0328125
0 0.48203125 0.8515625 0.046875 0.0359375
0 0.45546875 0.88203125 0.0453125 0.04375
0 0.4046875 0.88828125 0.034375 0.0296875
0 0.428125 0.0609375 0.0484375 0.0375
0 0.48984375 0.1046875 0.053125 0.0421875