4 0.6015625 0.3 0.03125 0.021875
4 0.69765625 0.321875 0.0203125 0.021875
4 0.628125 0.415625 0.0375 0.025
4 0.759375 0.4296875 0.03125 0.021875
4 0.790625 0.48828125 0.01875 0.0203125
4 0.82421875 0.53359375 0.0265625 0.0234375
4 0.7015625 0.53828125 0.025 0.0390625
4 0.54453125 0.5421875 0.0296875 0.021875
4 0.40078125 0.5890625 0.0328125 0.01875
4 0.74296875 0.6453125 0.0203125 0.021875
2 0.678125 0.73671875 0.025 0.0265625
2 0.63515625 0.74453125 0.0390625 0.0359375
2 0.84765625 0.7546875 0.0578125 0.040625
2 0.4640625 0.2140625 0.071875 0.0625
4 0.48828125 0.26953125 0.0234375 0.0203125