0 0.16640625 0.4203125 0.0375 0.0484375
0 0.2625 0.5734375 0.0734375 0.0375
0 0.23671875 0.59765625 0.0578125 0.0515625
0 0.19765625 0.625 0.05 0.0515625
0 0.221875 0.52734375 0.0453125 0.0484375
0 0.30625 0.60078125 0.0359375 0.0390625
0 0.28984375 0.6234375 0.0375 0.0375
0 0.27734375 0.65625 0.05625 0.05625
0 0.31484375 0.66875 0.0375 0.0375
0 0.35625 0.7203125 0.0734375 0.0703125
0 0.4578125 0.64765625 0.0453125 0.040625
0 0.50390625 0.621875 0.06875 0.0734375
0 0.36015625 0.6234375 0.05625 0.05625