0 0.76171875 0.4359375 0.05625 0.0640625
0 0.721875 0.45859375 0.0546875 0.05625
0 0.6484375 0.47109375 0.0796875 0.0625
0 0.62109375 0.546875 0.0671875 0.0515625
0 0.7609375 0.46953125 0.065625 0.034375
0 0.77578125 0.5125 0.0671875 0.0625
0 0.7046875 0.6015625 0.0609375 0.0515625
0 0.709375 0.634375 0.08125 0.0625
0 0.80078125 0.58203125 0.0484375 0.05625
0 0.7609375 0.57265625 0.0625 0.0609375
0 0.8421875 0.60546875 0.0625 0.046875
0 0.72109375 0.6734375 0.06875 0.0625
0 0.63828125 0.7 0.0578125 0.0578125
0 0.63515625 0.58046875 0.05625 0.0515625
0 0.69375 0.55859375 0.0671875 0.0578125
0 0.71640625 0.8171875 0.065625 0.0640625
0 0.69765625 0.76875 0.065625 0.0671875
0 0.75859375 0.7453125 0.0859375 0.0953125
0 0.66875 0.81484375 0.075 0.0625
0 0.68125 0.8515625 0.0734375 0.05
0 0.690625 0.88359375 0.0828125 0.0671875
0 0.54765625 0.9078125 0.0609375 0.0546875
0 0.50390625 0.928125 0.0703125 0.0703125
0 0.25703125 0.41796875 0.059375 0.0546875
0 0.39609375 0.30625 0.084375 0.0625
0 0.56328125 0.64453125 0.053125 0.046875
0 0.5984375 0.665625 0.0453125 0.0296875
0 0.6546875 0.61953125 0.04375 0.0421875
0 0.80390625 0.65546875 0.0671875 0.06875
0 0.8 0.7015625 0.0703125 0.05625
0 0.6109375 0.64375 0.0546875 0.0453125
0 0.63984375 0.91640625 0.0421875 0.0359375
0 0.7484375 0.615625 0.0359375 0.0375
0 0.578125 0.5703125 0.053125 0.046875
0 0.2921875 0.3828125 0.053125 0.046875
0 0.3875 0.5515625 0.0484375 0.0546875
0 0.70703125 0.5046875 0.0546875 0.053125
0 0.51171875 0.2734375 0.05 0.0453125
0 0.41875 0.25546875 0.040625 0.0359375
0 0.36640625 0.09375 0.0515625 0.0515625
0 0.421875 0.125 0.0765625 0.0640625
0 0.34765625 0.365625 0.0421875 0.0375
0 0.62265625 0.86015625 0.046875 0.0375
0 0.55546875 0.8703125 0.0390625 0.0328125
0 0.6875 0.73828125 0.040625 0.0421875
0 0.67890625 0.68203125 0.065625 0.06875
0 0.728125 0.53359375 0.05625 0.046875
0 0.8328125 0.4515625 0.05 0.046875
0 0.81640625 0.3984375 0.053125 0.053125
0 0.7640625 0.67421875 0.04375 0.04375
0 0.74765625 0.82109375 0.040625 0.040625
0 0.61953125 0.778125 0.0546875 0.0546875
0 0.67890625 0.5375 0.0375 0.040625
0 0.61640625 0.52109375 0.046875 0.0453125
0 0.603125 0.8296875 0.053125 0.0390625
0 0.78515625 0.359375 0.0375 0.0359375
0 0.76015625 0.35859375 0.040625 0.0359375
0 0.59921875 0.61328125 0.040625 0.0328125
0 0.728125 0.715625 0.0453125 0.04375
0 0.5875 0.865625 0.04375 0.040625
0 0.5859375 0.92421875 0.0515625 0.04375
0 0.67890625 0.91875 0.0359375 0.034375