0 0.52421875 0.06328125 0.0515625 0.0359375
0 0.384375 0.12421875 0.059375 0.0578125
0 0.5125 0.6671875 0.046875 0.03125
0 0.47578125 0.62890625 0.0453125 0.0390625
0 0.45703125 0.6953125 0.0640625 0.04375
0 0.32890625 0.8453125 0.0359375 0.046875
0 0.503125 0.86640625 0.04375 0.0453125
0 0.64140625 0.83203125 0.0296875 0.0359375
0 0.07421875 0.59296875 0.0140625 0.0203125
0 0.27578125 0.09765625 0.0515625 0.0359375
0 0.309375 0.03671875 0.065625 0.0484375
0 0.21796875 0.21328125 0.0390625 0.0515625
0 0.11875 0.2375 0.04375 0.03125
0 0.1171875 0.28828125 0.0375 0.0359375
0 0.1375 0.31875 0.0375 0.034375
0 0.19921875 0.2796875 0.0703125 0.059375
0 0.2828125 0.16875 0.040625 0.03125
0 0.1078125 0.36484375 0.05625 0.0421875
0 0.0859375 0.409375 0.05625 0.05
0 0.184375 0.52578125 0.021875 0.0421875
0 0.184375 0.71015625 0.05625 0.0421875
0 0.13828125 0.634375 0.0453125 0.05
0 0.37734375 0.628125 0.0453125 0.028125
0 0.37578125 0.665625 0.0328125 0.05625
0 0.14453125 0.83515625 0.0671875 0.0671875