0 0.51796875 0.2328125 0.0203125 0.025
0 0.4828125 0.18359375 0.034375 0.0703125
0 0.52734375 0.1578125 0.0265625 0.05625
0 0.6125 0.16015625 0.0375 0.0640625
0 0.65546875 0.18671875 0.0328125 0.0578125
0 0.61328125 0.09921875 0.0265625 0.0453125
0 0.55078125 0.10390625 0.0421875 0.0578125
0 0.50234375 0.35078125 0.0234375 0.0546875
0 0.696875 0.609375 0.028125 0.03125
0 0.75078125 0.62109375 0.0328125 0.0578125
0 0.76953125 0.6546875 0.0296875 0.015625
0 0.7125 0.87265625 0.025 0.0359375
0 0.721875 0.91171875 0.034375 0.0609375
0 0.75703125 0.85234375 0.0265625 0.0515625
0 0.659375 0.86953125 0.021875 0.0703125
0 0.78671875 0.49140625 0.0359375 0.0640625
0 0.75625 0.54609375 0.03125 0.0578125
0 0.62890625 0.69296875 0.0421875 0.0578125
0 0.66171875 0.69375 0.0328125 0.028125
0 0.6640625 0.72734375 0.034375 0.0265625
0 0.71640625 0.8140625 0.0140625 0.06875
0 0.68046875 0.79921875 0.0328125 0.0265625
0 0.73203125 0.7890625 0.0203125 0.03125
0 0.73984375 0.74296875 0.0265625 0.0359375
0 0.7515625 0.81796875 0.03125 0.0296875
0 0.76484375 0.76953125 0.0328125 0.0359375
0 0.7640625 0.734375 0.021875 0.01875
0 0.76953125 0.6859375 0.0359375 0.04375
0 0.7453125 0.6859375 0.0125 0.04375
0 0.72890625 0.72734375 0.0203125 0.0265625
0 0.6859375 0.6796875 0.01875 0.034375
0 0.6984375 0.66015625 0.0375 0.0484375
0 0.7109375 0.70859375 0.028125 0.0578125
0 0.625 0.63671875 0.021875 0.0484375
0 0.41875 0.65703125 0.0375 0.0328125
0 0.43125 0.69609375 0.01875 0.0390625
0 0.65390625 0.5875 0.0203125 0.03125
0 0.55078125 0.24375 0.0265625 0.05
0 0.46015625 0.121875 0.0234375 0.040625
0 0.5015625 0.06875 0.040625 0.040625
0 0.58125 0.19140625 0.034375 0.0453125
0 0.7328125 0.3453125 0.04375 0.05625
0 0.790625 0.6453125 0.028125 0.053125
0 0.70703125 0.9734375 0.0421875 0.04375
0 0.66640625 0.9703125 0.0390625 0.053125
0 0.67734375 0.7640625 0.0328125 0.046875
0 0.65546875 0.78671875 0.0328125 0.0515625
0 0.6828125 0.83515625 0.025 0.0453125
0 0.3984375 0.621875 0.025 0.04375
0 0.41328125 0.77109375 0.0296875 0.0546875
0 0.44296875 0.2609375 0.0359375 0.05625
0 0.72890625 0.571875 0.0203125 0.046875
0 0.71640625 0.75703125 0.0265625 0.0421875
0 0.725 0.62890625 0.025 0.0453125
0 0.65 0.63828125 0.025 0.0453125
0 0.51171875 0.27109375 0.0296875 0.0484375