2 0.37421875 0.603125 0.0375 0.0359375
2 0.6203125 0.5625 0.0390625 0.0421875
2 0.52109375 0.6703125 0.0328125 0.034375
2 0.57265625 0.6796875 0.0265625 0.0265625
2 0.55234375 0.69140625 0.040625 0.0390625
2 0.5640625 0.721875 0.0328125 0.0359375
2 0.59765625 0.71328125 0.025 0.028125
4 0.496875 0.7578125 0.03125 0.03125
2 0.653125 0.7734375 0.0390625 0.0421875
2 0.53203125 0.8140625 0.03125 0.03125
2 0.6375 0.81015625 0.0375 0.0328125
2 0.57734375 0.8296875 0.0625 0.05625
2 0.4375 0.88203125 0.0390625 0.034375
2 0.6484375 0.83203125 0.0359375 0.03125
2 0.546875 0.86640625 0.034375 0.028125
2 0.4296875 0.9328125 0.0296875 0.0359375
2 0.53515625 0.93671875 0.0421875 0.034375