0 0.2625 0.3671875 0.0625 0.0453125
0 0.2984375 0.3875 0.053125 0.0390625
0 0.31328125 0.425 0.0640625 0.071875
0 0.34140625 0.3671875 0.05625 0.0453125
0 0.5125 0.1578125 0.028125 0.0328125
0 0.5515625 0.153125 0.053125 0.0484375
0 0.6125 0.13046875 0.053125 0.046875
0 0.6484375 0.14453125 0.0546875 0.0546875
0 0.6359375 0.190625 0.0609375 0.0453125
0 0.58046875 0.23671875 0.0703125 0.0546875
0 0.6234375 0.2671875 0.03125 0.0359375
0 0.6625 0.28828125 0.059375 0.0609375
0 0.7703125 0.2609375 0.0515625 0.0625
0 0.80078125 0.3859375 0.0359375 0.0484375
0 0.2015625 0.59140625 0.0328125 0.03125
0 0.25703125 0.60859375 0.0375 0.0328125
0 0.2328125 0.64609375 0.05625 0.0453125
0 0.2703125 0.64765625 0.0609375 0.05
0 0.30078125 0.63515625 0.046875 0.0421875
0 0.35390625 0.63984375 0.05 0.0375
0 0.33359375 0.67265625 0.028125 0.028125
0 0.28515625 0.684375 0.0328125 0.0265625
0 0.3 0.703125 0.034375 0.03125
0 0.3234375 0.72265625 0.0328125 0.028125
0 0.3171875 0.76484375 0.0390625 0.0375
0 0.40234375 0.67578125 0.05625 0.0515625
0 0.4515625 0.6734375 0.0453125 0.05625
0 0.49921875 0.73125 0.0515625 0.0453125
0 0.45234375 0.73046875 0.046875 0.0484375