0 0.75234375 0.49375 0.0375 0.04375
0 0.78203125 0.4734375 0.0375 0.05
0 0.803125 0.4515625 0.034375 0.0375
0 0.921875 0.51875 0.0484375 0.04375
0 0.9484375 0.5921875 0.04375 0.04375
0 0.89453125 0.58671875 0.05 0.0640625
0 0.9171875 0.6234375 0.04375 0.04375
0 0.921875 0.65 0.03125 0.034375
0 0.896875 0.68203125 0.0703125 0.071875
0 0.91875 0.71875 0.034375 0.0421875
0 0.759375 0.65390625 0.034375 0.0328125
0 0.77109375 0.62890625 0.03125 0.0390625
0 0.7859375 0.51796875 0.0359375 0.0390625
0 0.82265625 0.52109375 0.046875 0.0484375
0 0.659375 0.56640625 0.0546875 0.0625
0 0.68125 0.71328125 0.0546875 0.05625
0 0.67421875 0.77421875 0.053125 0.0453125
0 0.73203125 0.76953125 0.0234375 0.040625
0 0.75234375 0.775 0.034375 0.04375
0 0.7828125 0.75625 0.0484375 0.0421875
0 0.8234375 0.74296875 0.0484375 0.0375
0 0.84765625 0.7703125 0.0453125 0.0484375
0 0.809375 0.77265625 0.040625 0.0328125
0 0.80078125 0.80859375 0.05625 0.059375
0 0.64453125 0.8859375 0.04375 0.0421875
0 0.69296875 0.86171875 0.046875 0.053125
0 0.3875 0.2734375 0.046875 0.0625