1 0.478125 0.134375 0.0171875 0.0234375
1 0.48984375 0.1453125 0.028125 0.04375
1 0.47421875 0.15234375 0.01875 0.0203125
4 0.59296875 0.19140625 0.05 0.0734375
1 0.5484375 0.2359375 0.021875 0.0265625
1 0.53828125 0.3578125 0.025 0.0421875
1 0.53984375 0.41484375 0.025 0.03125
1 0.44140625 0.51171875 0.0203125 0.0375
1 0.48203125 0.5703125 0.021875 0.0296875
1 0.2609375 0.5171875 0.01875 0.0328125
1 0.34453125 0.55546875 0.01875 0.028125
1 0.35390625 0.56796875 0.01875 0.028125
1 0.34609375 0.5796875 0.0171875 0.0234375
1 0.34609375 0.59453125 0.0171875 0.0328125
4 0.1828125 0.57421875 0.0203125 0.0375
1 0.3328125 0.63125 0.0125 0.015625
1 0.33203125 0.64609375 0.0140625 0.0203125
1 0.31796875 0.64375 0.0171875 0.0234375
1 0.31484375 0.646875 0.0125 0.015625
4 0.33671875 0.653125 0.053125 0.065625
4 0.19453125 0.62421875 0.0171875 0.0234375
4 0.29609375 0.65625 0.0359375 0.0453125
1 0.51640625 0.71484375 0.028125 0.04375
1 0.309375 0.69453125 0.0265625 0.034375
4 0.21015625 0.68515625 0.0171875 0.0234375
1 0.2671875 0.71015625 0.01875 0.0234375
4 0.52265625 0.78125 0.028125 0.0390625
4 0.23203125 0.74296875 0.0125 0.01875
4 0.2203125 0.825 0.0125 0.015625
4 0.1609375 0.81640625 0.0140625 0.0203125