2 0.5640625 0.37109375 0.0421875 0.0421875
2 0.5421875 0.44375 0.0546875 0.0546875
2 0.17890625 0.50703125 0.05 0.046875
2 0.2390625 0.553125 0.0515625 0.0390625
2 0.2109375 0.603125 0.0421875 0.046875
2 0.35390625 0.61015625 0.0796875 0.06875
2 0.80546875 0.6390625 0.03125 0.0421875
2 0.72890625 0.64765625 0.0359375 0.0375
2 0.31484375 0.678125 0.046875 0.0421875
2 0.40390625 0.6953125 0.0421875 0.0359375
2 0.403125 0.7015625 0.05 0.0421875
2 0.490625 0.70390625 0.06875 0.0515625
2 0.61328125 0.69921875 0.0359375 0.0328125
2 0.28125 0.7375 0.0390625 0.0578125
2 0.55390625 0.2546875 0.0890625 0.0484375