4 0.34296875 0.3765625 0.0140625 0.021875
4 0.36953125 0.3796875 0.0125 0.0234375
4 0.69375 0.40078125 0.0203125 0.0265625
4 0.3 0.42109375 0.0140625 0.01875
4 0.3296875 0.46796875 0.0203125 0.0265625
4 0.446875 0.47421875 0.0265625 0.028125
4 0.384375 0.5 0.0265625 0.0234375
4 0.4515625 0.55546875 0.0734375 0.040625
4 0.2890625 0.5890625 0.0203125 0.0234375
4 0.41171875 0.6625 0.0296875 0.0234375
4 0.4421875 0.67890625 0.0203125 0.021875
4 0.4890625 0.6828125 0.0140625 0.0265625
4 0.41171875 0.753125 0.0203125 0.0234375
4 0.52734375 0.80234375 0.028125 0.0296875
4 0.5953125 0.82734375 0.0390625 0.025
4 0.44453125 0.83828125 0.015625 0.015625
4 0.5 0.85859375 0.0171875 0.0203125
4 0.52890625 0.865625 0.0265625 0.01875
4 0.52421875 0.1234375 0.0203125 0.0265625
4 0.475 0.13984375 0.0203125 0.0203125
4 0.5109375 0.2015625 0.021875 0.015625
4 0.29453125 0.23359375 0.028125 0.0265625
4 0.42265625 0.2546875 0.01875 0.015625
4 0.2578125 0.271875 0.0296875 0.0296875
4 0.31484375 0.28671875 0.0203125 0.028125