4 0.5359375 0.303125 0.025 0.01875
4 0.75 0.35546875 0.021875 0.0265625
4 0.79921875 0.35703125 0.0234375 0.0265625
4 0.71171875 0.37265625 0.0296875 0.0296875
4 0.80546875 0.42734375 0.0203125 0.0359375
4 0.79921875 0.525 0.0296875 0.03125
4 0.79921875 0.56953125 0.0296875 0.0234375
4 0.7703125 0.60703125 0.0125 0.0171875
4 0.6609375 0.6171875 0.028125 0.03125
4 0.7078125 0.64375 0.015625 0.021875
4 0.6046875 0.6515625 0.0375 0.028125
4 0.7109375 0.66796875 0.015625 0.0203125
4 0.7296875 0.67890625 0.025 0.0265625
4 0.678125 0.6828125 0.021875 0.01875
4 0.61953125 0.69609375 0.0203125 0.0171875
4 0.64765625 0.69921875 0.0234375 0.0234375
4 0.75703125 0.7015625 0.0234375 0.025
4 0.83359375 0.72578125 0.0265625 0.0296875
4 0.5359375 0.78359375 0.034375 0.0140625
4 0.53046875 0.228125 0.0296875 0.021875
4 0.46640625 0.26328125 0.0265625 0.0171875
4 0.5 0.27421875 0.021875 0.0296875