0 0.5703125 0.3421875 0.0171875 0.0375
0 0.546875 0.36484375 0.0328125 0.0390625
0 0.5734375 0.37421875 0.021875 0.0328125
0 0.62109375 0.48203125 0.03125 0.0375
0 0.58828125 0.52265625 0.025 0.034375
0 0.5859375 0.54921875 0.0265625 0.0515625
0 0.559375 0.56953125 0.03125 0.046875
0 0.5265625 0.55546875 0.0203125 0.0234375
0 0.5234375 0.58515625 0.021875 0.0375
0 0.534375 0.60625 0.0234375 0.025
0 0.56328125 0.6125 0.0125 0.0359375
0 0.57890625 0.5953125 0.01875 0.0296875
0 0.51875 0.6890625 0.028125 0.025
0 0.5015625 0.71484375 0.0171875 0.0171875
0 0.55625 0.675 0.0109375 0.0203125
0 0.5796875 0.653125 0.0328125 0.046875
0 0.44765625 0.32578125 0.0265625 0.0453125
0 0.4171875 0.30703125 0.01875 0.0375
0 0.4203125 0.271875 0.025 0.0421875
0 0.52890625 0.33984375 0.03125 0.0625
0 0.59609375 0.415625 0.0296875 0.053125
0 0.503125 0.67890625 0.028125 0.0328125