0 0.79296875 0.68671875 0.0390625 0.025
0 0.8078125 0.70546875 0.028125 0.0296875
0 0.77109375 0.71328125 0.0375 0.0234375
0 0.7625 0.74453125 0.03125 0.03125
0 0.734375 0.75859375 0.0453125 0.034375
0 0.75625 0.8140625 0.046875 0.040625
0 0.6828125 0.74921875 0.0328125 0.0265625
0 0.609375 0.6453125 0.040625 0.0359375
0 0.7125 0.68671875 0.04375 0.0421875
0 0.64140625 0.71015625 0.0328125 0.0296875
0 0.525 0.6203125 0.0421875 0.040625
0 0.53046875 0.9125 0.040625 0.0484375
0 0.83671875 0.6171875 0.040625 0.0453125
0 0.48671875 0.225 0.0484375 0.04375
0 0.39921875 0.30859375 0.0375 0.0328125
0 0.37734375 0.3578125 0.046875 0.04375
0 0.35390625 0.45625 0.0390625 0.040625
0 0.315625 0.35390625 0.04375 0.034375
0 0.32890625 0.37578125 0.034375 0.034375
0 0.35546875 0.3 0.0328125 0.0296875
0 0.39296875 0.27109375 0.040625 0.040625
0 0.29453125 0.29453125 0.0546875 0.028125
0 0.26875 0.3515625 0.046875 0.04375