1 0.45859375 0.1359375 0.015625 0.0234375
1 0.47109375 0.146875 0.0265625 0.0421875
1 0.45625 0.1546875 0.0171875 0.0203125
4 0.5765625 0.18671875 0.046875 0.0703125
1 0.534375 0.234375 0.021875 0.025
1 0.53046875 0.35625 0.0234375 0.040625
1 0.53515625 0.4125 0.0234375 0.0296875
1 0.4421875 0.51484375 0.01875 0.0375
1 0.48515625 0.571875 0.0203125 0.028125
1 0.26171875 0.5296875 0.0171875 0.0328125
1 0.34765625 0.56328125 0.0171875 0.028125
1 0.3578125 0.575 0.0171875 0.028125
1 0.35 0.58828125 0.015625 0.0234375
1 0.35078125 0.60234375 0.015625 0.0328125
4 0.1875 0.590625 0.01875 0.0375
1 0.33984375 0.63984375 0.0125 0.015625
1 0.33984375 0.6546875 0.0125 0.0203125
1 0.32578125 0.653125 0.015625 0.0234375
1 0.32265625 0.65625 0.0125 0.015625
4 0.34453125 0.6609375 0.05 0.0640625
4 0.2015625 0.63984375 0.015625 0.0234375
4 0.30390625 0.66640625 0.034375 0.04375
1 0.528125 0.71328125 0.0265625 0.0421875
1 0.31953125 0.70390625 0.025 0.0328125
4 0.2203125 0.7 0.015625 0.0234375
1 0.27890625 0.721875 0.0171875 0.0234375
4 0.5375 0.7796875 0.0265625 0.0375
4 0.2453125 0.75703125 0.0109375 0.01875
4 0.2375 0.8390625 0.0125 0.015625
4 0.178125 0.83359375 0.0125 0.0203125