2 0.346875 0.55390625 0.034375 0.0328125
2 0.59140625 0.6 0.034375 0.0390625
2 0.4609375 0.6671875 0.0296875 0.03125
2 0.50625 0.69375 0.0234375 0.0234375
2 0.48359375 0.69765625 0.0375 0.034375
2 0.484375 0.73046875 0.0296875 0.0328125
2 0.51875 0.73359375 0.021875 0.025
4 0.40859375 0.740625 0.028125 0.0296875
2 0.55078125 0.809375 0.034375 0.0390625
2 0.4234375 0.80625 0.0296875 0.028125
2 0.5234375 0.83828125 0.0359375 0.028125
2 0.46015625 0.8359375 0.0578125 0.05
2 0.3109375 0.8375 0.0375 0.0296875
2 0.5265625 0.8625 0.034375 0.028125
2 0.41875 0.8609375 0.03125 0.025
2 0.2859375 0.8828125 0.0265625 0.0328125
2 0.38359375 0.921875 0.040625 0.0296875