0 0.76015625 0.73046875 0.0359375 0.0203125
0 0.771875 0.75078125 0.025 0.0265625
0 0.734375 0.753125 0.034375 0.01875
0 0.72109375 0.7828125 0.0265625 0.028125
0 0.69140625 0.7921875 0.0421875 0.028125
0 0.70390625 0.85 0.0421875 0.034375
0 0.64140625 0.775 0.0296875 0.021875
0 0.58515625 0.6609375 0.0359375 0.03125
0 0.68046875 0.71796875 0.0390625 0.0359375
0 0.60703125 0.7296875 0.0296875 0.025
0 0.50625 0.62265625 0.0375 0.0359375
0 0.465625 0.9125 0.034375 0.04375
0 0.8140625 0.66875 0.034375 0.040625
0 0.5296875 0.2265625 0.04375 0.0375
0 0.43046875 0.2953125 0.0328125 0.028125
0 0.40078125 0.340625 0.0421875 0.0375
0 0.3625 0.43359375 0.034375 0.0359375
0 0.340625 0.3265625 0.040625 0.028125
0 0.35078125 0.35078125 0.0296875 0.0296875
0 0.38828125 0.2796875 0.0296875 0.025
0 0.43046875 0.25703125 0.0359375 0.0359375
0 0.32890625 0.26484375 0.0515625 0.0203125
0 0.29453125 0.3171875 0.0421875 0.0375