4 0.4734375 0.2859375 0.0171875 0.0125
4 0.3453125 0.27109375 0.0421875 0.025
4 0.36640625 0.29609375 0.025 0.015625
4 0.25546875 0.3359375 0.03125 0.025
4 0.228125 0.37578125 0.028125 0.025
2 0.1859375 0.37578125 0.0203125 0.0109375
4 0.33203125 0.42578125 0.0203125 0.0140625
4 0.284375 0.4296875 0.0171875 0.015625
4 0.2015625 0.4390625 0.040625 0.0109375
4 0.1859375 0.45625 0.0265625 0.0125
2 0.16171875 0.46875 0.034375 0.021875
4 0.23984375 0.54296875 0.01875 0.01875
4 0.26953125 0.60546875 0.025 0.0140625
4 0.15703125 0.76171875 0.0265625 0.0171875