0 0.7703125 0.4859375 0.046875 0.05625
0 0.7265625 0.5015625 0.046875 0.046875
0 0.6515625 0.50078125 0.071875 0.0515625
0 0.61171875 0.56875 0.0609375 0.040625
0 0.7609375 0.5203125 0.0625 0.021875
0 0.76796875 0.565625 0.0578125 0.053125
0 0.68125 0.63828125 0.053125 0.0421875
0 0.67890625 0.67265625 0.0734375 0.0484375
0 0.778125 0.63828125 0.040625 0.0484375
0 0.74140625 0.62109375 0.0546875 0.0515625
0 0.81484375 0.66796875 0.0578125 0.0359375
0 0.68515625 0.71171875 0.0609375 0.0515625
0 0.596875 0.7234375 0.05 0.05
0 0.6171875 0.603125 0.05 0.04375
0 0.678125 0.59375 0.059375 0.046875
0 0.653125 0.85234375 0.05625 0.0546875
0 0.64375 0.80234375 0.05625 0.0578125
0 0.70625 0.790625 0.071875 0.084375
0 0.60546875 0.840625 0.0671875 0.05
0 0.61171875 0.8796875 0.0671875 0.0375
0 0.6140625 0.9125 0.075 0.053125
0 0.46796875 0.91015625 0.0546875 0.0453125
0 0.42265625 0.921875 0.0609375 0.059375
0 0.27734375 0.37265625 0.0515625 0.0453125
0 0.43515625 0.290625 0.0765625 0.05
0 0.53359375 0.65390625 0.0453125 0.0390625
0 0.5640625 0.68125 0.04375 0.021875
0 0.62890625 0.64609375 0.0390625 0.0359375
0 0.76796875 0.709375 0.0578125 0.059375
0 0.75546875 0.75546875 0.0640625 0.0453125
0 0.58125 0.6625 0.05 0.0375
0 0.55703125 0.93515625 0.0390625 0.0296875
0 0.721875 0.66171875 0.03125 0.0328125
0 0.5625 0.58359375 0.046875 0.0390625
0 0.31875 0.34453125 0.046875 0.0390625
0 0.38125 0.5296875 0.040625 0.046875
0 0.7015625 0.54453125 0.046875 0.0453125
0 0.55546875 0.28125 0.0453125 0.0375
0 0.4671875 0.24453125 0.0375 0.0296875
0 0.44609375 0.075 0.0453125 0.04375
0 0.49453125 0.11640625 0.0671875 0.0515625
0 0.37734375 0.3390625 0.0359375 0.03125
0 0.55234375 0.87734375 0.0421875 0.0296875
0 0.4828125 0.87421875 0.034375 0.0265625
0 0.63828125 0.76953125 0.0328125 0.0359375
0 0.6421875 0.7125 0.05625 0.059375
0 0.71640625 0.57734375 0.0484375 0.0390625
0 0.8359375 0.515625 0.04375 0.040625
0 0.83046875 0.459375 0.0453125 0.04375
0 0.7265625 0.721875 0.0375 0.0375
0 0.68046875 0.86328125 0.0359375 0.0359375
0 0.5640625 0.79453125 0.046875 0.0453125
0 0.66875 0.57109375 0.03125 0.0359375
0 0.6109375 0.54296875 0.040625 0.0390625
0 0.5390625 0.84375 0.046875 0.03125
0 0.80703125 0.41640625 0.0328125 0.0296875
0 0.7828125 0.41015625 0.0375 0.0296875
0 0.5765625 0.63125 0.0375 0.025
0 0.68203125 0.75546875 0.0390625 0.0359375
0 0.5171875 0.87578125 0.0375 0.0328125
0 0.503125 0.93359375 0.046875 0.0359375
0 0.596875 0.94453125 0.03125 0.0296875