2 0.434375 0.3734375 0.059375 0.059375
2 0.45625 0.44453125 0.078125 0.078125
2 0.81640625 0.50234375 0.0671875 0.0671875
2 0.7609375 0.5484375 0.0671875 0.0609375
2 0.790625 0.5984375 0.059375 0.0625
2 0.6484375 0.6078125 0.1078125 0.1
2 0.1984375 0.64453125 0.046875 0.053125
2 0.2765625 0.65078125 0.0515625 0.0515625
2 0.68671875 0.675 0.0640625 0.0609375
2 0.59921875 0.69453125 0.05625 0.0515625
2 0.5984375 0.7 0.0671875 0.0625
2 0.5140625 0.70390625 0.0890625 0.08125
2 0.39140625 0.7015625 0.0484375 0.046875
2 0.71953125 0.73359375 0.0625 0.071875
2 0.4421875 0.25625 0.1078125 0.0859375