0 0.3765625 0.21328125 0.071875 0.0234375
0 0.21328125 0.30703125 0.0640625 0.0421875
0 0.14453125 0.3359375 0.0953125 0.053125
0 0.19609375 0.4421875 0.0609375 0.0375
0 0.1203125 0.434375 0.090625 0.053125
0 0.19296875 0.49140625 0.0640625 0.0484375
0 0.30234375 0.575 0.1015625 0.059375
0 0.21484375 0.634375 0.0796875 0.109375
0 0.4203125 0.85625 0.090625 0.03125
0 0.484375 0.87265625 0.03125 0.0671875
0 0.34296875 0.9140625 0.0734375 0.05625
0 0.4140625 0.890625 0.078125 0.06875
0 0.4046875 0.80859375 0.05 0.0234375
0 0.19375 0.81171875 0.04375 0.0234375
0 0.5171875 0.7640625 0.03125 0.025
0 0.24765625 0.7328125 0.0390625 0.025
0 0.2140625 0.52890625 0.040625 0.0296875
0 0.44609375 0.71640625 0.0484375 0.0296875
0 0.61328125 0.29921875 0.0296875 0.0546875
0 0.3953125 0.76640625 0.0375 0.0296875
0 0.15234375 0.46484375 0.0390625 0.0328125