0 0.56484375 0.61484375 0.0390625 0.046875
0 0.63515625 0.584375 0.065625 0.0609375
0 0.52734375 0.66640625 0.0484375 0.05
0 0.596875 0.70234375 0.0734375 0.0765625
0 0.61015625 0.73984375 0.0578125 0.0625
0 0.61875 0.78359375 0.0375 0.0515625
0 0.54453125 0.81484375 0.0640625 0.0640625
0 0.546875 0.74296875 0.0546875 0.0546875
0 0.6828125 0.70703125 0.0625 0.0578125
0 0.68203125 0.77578125 0.0328125 0.0375
0 0.6921875 0.8234375 0.0609375 0.0625
0 0.76640625 0.67734375 0.025 0.0421875
0 0.80859375 0.64296875 0.0546875 0.0515625
0 0.8046875 0.6859375 0.046875 0.059375
0 0.8171875 0.72109375 0.06875 0.0796875
0 0.45390625 0.1921875 0.0578125 0.065625
0 0.61484375 0.253125 0.0390625 0.0578125
0 0.65625 0.2859375 0.065625 0.065625
0 0.584375 0.1296875 0.075 0.071875
0 0.4125 0.0859375 0.0578125 0.0515625
0 0.4609375 0.11484375 0.065625 0.065625
0 0.3828125 0.1640625 0.028125 0.025
0 0.3125 0.2 0.0640625 0.0640625
0 0.390625 0.253125 0.078125 0.075