0 0.55078125 0.23671875 0.0234375 0.0265625
0 0.521875 0.18359375 0.0421875 0.0734375
0 0.56875 0.1640625 0.0328125 0.059375
0 0.653125 0.1765625 0.0453125 0.06875
0 0.6921875 0.2078125 0.0390625 0.0609375
0 0.6609375 0.115625 0.03125 0.0484375
0 0.5984375 0.11328125 0.0484375 0.0625
0 0.5203125 0.35234375 0.0296875 0.0578125
0 0.68203125 0.6328125 0.03125 0.034375
0 0.734375 0.65078125 0.0390625 0.0609375
0 0.7484375 0.68671875 0.03125 0.01875
0 0.665625 0.89609375 0.0296875 0.0390625
0 0.6703125 0.9359375 0.0421875 0.0640625
0 0.7125 0.88125 0.0328125 0.0546875
0 0.61328125 0.8859375 0.0296875 0.071875
0 0.7859375 0.5265625 0.04375 0.0671875
0 0.7484375 0.57734375 0.0375 0.0609375
0 0.6046875 0.70703125 0.0484375 0.0625
0 0.63671875 0.71171875 0.0359375 0.03125
0 0.63515625 0.7453125 0.0375 0.03125
0 0.6765625 0.83828125 0.021875 0.0703125
0 0.64296875 0.81875 0.0359375 0.0296875
0 0.6953125 0.81484375 0.0234375 0.0328125
0 0.70859375 0.7703125 0.03125 0.0390625
0 0.7109375 0.84609375 0.034375 0.0328125
0 0.7296875 0.8 0.0375 0.0390625
0 0.73359375 0.76484375 0.0234375 0.021875
0 0.74453125 0.7171875 0.040625 0.0484375
0 0.72109375 0.7140625 0.0171875 0.0453125
0 0.69921875 0.75390625 0.0234375 0.028125
0 0.6625 0.70078125 0.0234375 0.0359375
0 0.67734375 0.6828125 0.04375 0.053125
0 0.68359375 0.7328125 0.034375 0.0609375
0 0.60703125 0.65078125 0.028125 0.05
0 0.4 0.64609375 0.040625 0.0375
0 0.4078125 0.6859375 0.0234375 0.040625
0 0.6421875 0.60546875 0.0234375 0.0328125
0 0.58125 0.2515625 0.0328125 0.053125
0 0.50625 0.11953125 0.028125 0.04375
0 0.55390625 0.071875 0.0453125 0.0453125
0 0.61796875 0.20390625 0.0390625 0.0484375
0 0.75 0.375 0.05 0.0609375
0 0.77109375 0.6796875 0.034375 0.05625
0 0.646875 0.98515625 0.046875 0.0296875
0 0.60703125 0.97890625 0.0453125 0.0421875
0 0.64375 0.78359375 0.0375 0.05
0 0.61953125 0.80390625 0.0390625 0.0546875
0 0.640625 0.8546875 0.0296875 0.0484375
0 0.384375 0.60859375 0.0296875 0.046875
0 0.38125 0.75859375 0.0359375 0.0578125
0 0.47265625 0.25546875 0.0421875 0.0609375
0 0.71875 0.59921875 0.0265625 0.0484375
0 0.68359375 0.78125 0.03125 0.0453125
0 0.7078125 0.65546875 0.0296875 0.0484375
0 0.63203125 0.65546875 0.0296875 0.0484375
0 0.53984375 0.27421875 0.0359375 0.0515625