1 0.325 0.17734375 0.0140625 0.0234375
1 0.33984375 0.1828125 0.0234375 0.0421875
1 0.3296875 0.19609375 0.0171875 0.01875
4 0.453125 0.18046875 0.0453125 0.06875
1 0.43125 0.240625 0.0203125 0.025
1 0.475 0.3546875 0.0203125 0.040625
1 0.5 0.4046875 0.021875 0.028125
1 0.4515625 0.53515625 0.0171875 0.0359375
1 0.51328125 0.57109375 0.01875 0.028125
1 0.28984375 0.6171875 0.015625 0.03125
1 0.38203125 0.615625 0.0171875 0.0265625
1 0.39609375 0.621875 0.0171875 0.028125
1 0.39375 0.6375 0.0140625 0.0234375
1 0.39921875 0.65 0.0140625 0.03125
4 0.24375 0.70234375 0.01875 0.0359375
1 0.4046875 0.68828125 0.0109375 0.0140625
1 0.40859375 0.70234375 0.0125 0.01875
1 0.39609375 0.70703125 0.0140625 0.0234375
1 0.39296875 0.7125 0.0109375 0.0140625
4 0.41640625 0.7078125 0.0484375 0.0609375
4 0.275 0.74140625 0.0140625 0.0234375
4 0.38046875 0.72734375 0.0328125 0.0421875
1 0.60546875 0.6875 0.0234375 0.040625
1 0.409375 0.7578125 0.0234375 0.0328125
4 0.315625 0.790625 0.0140625 0.021875
1 0.37890625 0.78828125 0.0171875 0.0234375
4 0.63828125 0.7453125 0.025 0.0375
4 0.359375 0.83359375 0.0109375 0.01875
4 0.3828125 0.9140625 0.0109375 0.0140625
4 0.3265625 0.9296875 0.0125 0.01875