0 0.58671875 0.2453125 0.025 0.028125
0 0.565625 0.1890625 0.0484375 0.075
0 0.6140625 0.17734375 0.0375 0.0609375
0 0.696875 0.20078125 0.0515625 0.071875
0 0.73046875 0.23671875 0.0453125 0.0625
0 0.7125 0.14296875 0.0375 0.05
0 0.6515625 0.13046875 0.053125 0.0640625
0 0.540625 0.35546875 0.034375 0.05625
0 0.66171875 0.65546875 0.0328125 0.0359375
0 0.71015625 0.68125 0.0453125 0.0625
0 0.7203125 0.71796875 0.0328125 0.0203125
0 0.60859375 0.91640625 0.0328125 0.040625
0 0.6078125 0.95546875 0.046875 0.065625
0 0.65625 0.90703125 0.0375 0.05625
0 0.5578125 0.89765625 0.0359375 0.071875
0 0.77890625 0.565625 0.05 0.0703125
0 0.7359375 0.61015625 0.0421875 0.0625
0 0.57578125 0.71953125 0.053125 0.065625
0 0.60625 0.7296875 0.0390625 0.0359375
0 0.59921875 0.7625 0.0390625 0.034375
0 0.6265625 0.86015625 0.0296875 0.0703125
0 0.596875 0.8359375 0.0375 0.0328125
0 0.65 0.83828125 0.0265625 0.0359375
0 0.66875 0.79765625 0.0328125 0.040625
0 0.66015625 0.87265625 0.0375 0.0359375
0 0.6859375 0.82890625 0.040625 0.0421875
0 0.6953125 0.7953125 0.025 0.0234375
0 0.7125 0.7484375 0.0453125 0.05
0 0.68828125 0.74296875 0.0203125 0.04375
0 0.66328125 0.778125 0.0265625 0.03125
0 0.6328125 0.7203125 0.025 0.0359375
0 0.65078125 0.70625 0.046875 0.05625
0 0.65 0.75546875 0.0390625 0.0625
0 0.58515625 0.665625 0.03125 0.0515625
0 0.38046875 0.63046875 0.04375 0.040625
0 0.3828125 0.67109375 0.028125 0.0421875
0 0.62578125 0.6234375 0.025 0.034375
0 0.61640625 0.26484375 0.0359375 0.0546875
0 0.55859375 0.125 0.0328125 0.0453125
0 0.61328125 0.08359375 0.05 0.05
0 0.65859375 0.2234375 0.0421875 0.0515625
0 0.76484375 0.41015625 0.0546875 0.0640625
0 0.74375 0.715625 0.0390625 0.0578125
0 0.5765625 0.99296875 0.05 0.0140625
0 0.5375 0.98359375 0.05 0.0328125
0 0.603125 0.80078125 0.04375 0.053125
0 0.57734375 0.81640625 0.0421875 0.0578125
0 0.58984375 0.87109375 0.0359375 0.05
0 0.36953125 0.590625 0.034375 0.046875
0 0.346875 0.73984375 0.040625 0.059375
0 0.50703125 0.25390625 0.046875 0.0625
0 0.7015625 0.62734375 0.0296875 0.05
0 0.6421875 0.8046875 0.0359375 0.0453125
0 0.684375 0.68203125 0.034375 0.05
0 0.61015625 0.671875 0.0359375 0.05
0 0.5703125 0.28203125 0.0390625 0.053125