0 0.49765625 0.19140625 0.0390625 0.04375
0 0.7078125 0.4171875 0.04375 0.0484375
0 0.53984375 0.515625 0.0578125 0.0484375
0 0.396875 0.56875 0.065625 0.06875
0 0.3765625 0.60390625 0.0453125 0.04375
0 0.484375 0.5984375 0.046875 0.0328125
0 0.48125 0.5765625 0.0484375 0.0390625
0 0.59140625 0.63203125 0.0421875 0.04375
0 0.53125 0.61796875 0.0359375 0.034375
0 0.5109375 0.65078125 0.04375 0.03125
0 0.4671875 0.62421875 0.0359375 0.040625
0 0.52890625 0.67734375 0.040625 0.034375
0 0.4953125 0.68046875 0.0375 0.034375
0 0.51171875 0.7125 0.046875 0.0390625
0 0.471875 0.69296875 0.040625 0.03125
0 0.4609375 0.67734375 0.0515625 0.0375
0 0.41953125 0.646875 0.0390625 0.0296875
0 0.42109375 0.6765625 0.0359375 0.0296875
0 0.43359375 0.70625 0.040625 0.0375
0 0.44453125 0.74453125 0.0375 0.0453125
0 0.47421875 0.73125 0.0359375 0.028125
0 0.48984375 0.753125 0.0328125 0.040625
0 0.475 0.78046875 0.028125 0.034375
0 0.43671875 0.79140625 0.03125 0.0296875
0 0.46171875 0.8359375 0.0328125 0.0359375