4 0.57578125 0.31484375 0.028125 0.0234375
4 0.77421875 0.4109375 0.0265625 0.03125
4 0.82265625 0.42265625 0.028125 0.03125
4 0.73359375 0.41953125 0.0359375 0.0359375
4 0.8140625 0.4921875 0.0265625 0.0390625
4 0.7875 0.58671875 0.0359375 0.0375
4 0.778125 0.63046875 0.034375 0.0296875
4 0.7421875 0.6609375 0.015625 0.01875
4 0.6328125 0.6484375 0.034375 0.0359375
4 0.6734375 0.68359375 0.0203125 0.025
4 0.57109375 0.6703125 0.0421875 0.0359375
4 0.67109375 0.7078125 0.01875 0.0234375
4 0.6875 0.72265625 0.0296875 0.03125
4 0.6359375 0.715625 0.025 0.0234375
4 0.57578125 0.71640625 0.0234375 0.0203125
4 0.603125 0.72578125 0.028125 0.028125
4 0.709375 0.75078125 0.028125 0.0296875
4 0.7796875 0.78984375 0.0328125 0.034375
4 0.4765625 0.78515625 0.0359375 0.0203125
4 0.58671875 0.240625 0.0328125 0.028125
4 0.51640625 0.26171875 0.0296875 0.021875
4 0.546875 0.27890625 0.028125 0.0328125