4 0.4125 0.71328125 0.03125 0.0265625
4 0.38046875 0.728125 0.0328125 0.025
4 0.35625 0.73828125 0.021875 0.0140625
4 0.42421875 0.75625 0.0296875 0.021875
4 0.28125 0.75703125 0.034375 0.0234375
4 0.34375 0.77265625 0.015625 0.0171875
4 0.3046875 0.775 0.01875 0.0125
4 0.346875 0.7875 0.01875 0.0125
4 0.4109375 0.78828125 0.01875 0.0140625
4 0.4015625 0.8015625 0.021875 0.0125
4 0.384375 0.83984375 0.040625 0.0265625
4 0.5796875 0.89921875 0.0375 0.0234375
4 0.47734375 0.23828125 0.0390625 0.0328125