2 0.41953125 0.38203125 0.0546875 0.0546875
2 0.45 0.45078125 0.071875 0.071875
2 0.81484375 0.4640625 0.0625 0.0609375
2 0.76484375 0.515625 0.0640625 0.0546875
2 0.8 0.56171875 0.0546875 0.059375
2 0.6609375 0.5890625 0.1 0.0921875
2 0.21796875 0.68046875 0.0421875 0.05
2 0.29609375 0.67734375 0.046875 0.046875
2 0.70625 0.6515625 0.059375 0.05625
2 0.62265625 0.68125 0.0515625 0.046875
2 0.621875 0.68671875 0.0625 0.05625
2 0.5390625 0.70078125 0.084375 0.0734375
2 0.4171875 0.71328125 0.0453125 0.0421875
2 0.74609375 0.7046875 0.05625 0.0671875
2 0.41328125 0.26484375 0.103125 0.075