0 0.69765625 0.43359375 0.0609375 0.0453125
0 0.46875 0.2265625 0.0640625 0.0546875
0 0.728125 0.390625 0.053125 0.0390625
0 0.76796875 0.584375 0.046875 0.0546875
0 0.7265625 0.5234375 0.0375 0.046875
0 0.71875 0.5875 0.05625 0.053125
0 0.64140625 0.5984375 0.0609375 0.0578125
0 0.6875 0.62421875 0.04375 0.0375
0 0.71875 0.64453125 0.0421875 0.03125
0 0.71484375 0.6671875 0.0484375 0.05
0 0.75234375 0.67421875 0.05 0.046875
0 0.63125 0.62421875 0.05625 0.0484375
0 0.6671875 0.646875 0.040625 0.034375
0 0.61484375 0.6671875 0.059375 0.0546875
0 0.63515625 0.76640625 0.05 0.046875
0 0.65078125 0.72421875 0.0625 0.0515625
0 0.55703125 0.715625 0.0546875 0.0546875
0 0.58046875 0.74765625 0.0421875 0.04375
0 0.48046875 0.65703125 0.0328125 0.0375
0 0.459375 0.67421875 0.0390625 0.0484375
0 0.484375 0.728125 0.053125 0.0421875
0 0.45859375 0.74765625 0.059375 0.0546875
0 0.51484375 0.78828125 0.0578125 0.0546875
0 0.4796875 0.80859375 0.0484375 0.05
0 0.5234375 0.84921875 0.0515625 0.0515625
0 0.36015625 0.9234375 0.059375 0.0484375