0 0.2421875 0.42109375 0.071875 0.0515625
0 0.65234375 0.2734375 0.046875 0.0390625
0 0.45234375 0.68203125 0.0359375 0.0375
0 0.46796875 0.7515625 0.0421875 0.025
0 0.35859375 0.8171875 0.075 0.0453125
0 0.29296875 0.80234375 0.0453125 0.0421875
0 0.23828125 0.8328125 0.0765625 0.0640625
0 0.23046875 0.75390625 0.0421875 0.028125
0 0.27734375 0.65078125 0.03125 0.0296875
0 0.20234375 0.5921875 0.0484375 0.028125
0 0.3484375 0.6109375 0.0328125 0.025
0 0.221875 0.6609375 0.0390625 0.040625
0 0.1296875 0.51328125 0.05625 0.059375
0 0.1609375 0.65234375 0.0453125 0.0390625