0 0.5234375 0.36015625 0.0421875 0.05625
0 0.484375 0.26484375 0.06875 0.06875
0 0.53671875 0.30859375 0.0375 0.0609375
0 0.575 0.284375 0.040625 0.05
0 0.54765625 0.2375 0.0203125 0.0421875
0 0.559375 0.20546875 0.0328125 0.0453125
0 0.7203125 0.1046875 0.0359375 0.046875
0 0.46875 0.5265625 0.034375 0.0640625
0 0.45390625 0.446875 0.0546875 0.0640625
0 0.49140625 0.5734375 0.0234375 0.034375
0 0.5171875 0.68515625 0.0375 0.0515625
0 0.48828125 0.6390625 0.021875 0.046875
0 0.51171875 0.59921875 0.0265625 0.0421875
0 0.559375 0.59453125 0.0546875 0.0484375
0 0.56640625 0.62890625 0.0203125 0.034375
0 0.61484375 0.66171875 0.025 0.0546875
0 0.6390625 0.63203125 0.0296875 0.0640625
0 0.65859375 0.60859375 0.0296875 0.05
0 0.609375 0.24375 0.028125 0.0453125
0 0.4796875 0.346875 0.0234375 0.046875
0 0.58515625 0.809375 0.034375 0.065625
0 0.64375 0.74453125 0.03125 0.0453125
0 0.6609375 0.6953125 0.025 0.0390625
0 0.62734375 0.8921875 0.034375 0.0578125