0 0.428125 0.2 0.03125 0.0375
0 0.68359375 0.37265625 0.0359375 0.0421875
0 0.5421875 0.50625 0.05 0.0375
0 0.41484375 0.58984375 0.0546875 0.0578125
0 0.403125 0.62890625 0.0375 0.0359375
0 0.50703125 0.59921875 0.0421875 0.0234375
0 0.49921875 0.57890625 0.0421875 0.0296875
0 0.61875 0.6078125 0.034375 0.0375
0 0.55703125 0.6078125 0.0296875 0.028125
0 0.54453125 0.64453125 0.0390625 0.0234375
0 0.49609375 0.628125 0.0296875 0.034375
0 0.56796875 0.66640625 0.0359375 0.0265625
0 0.5359375 0.6765625 0.03125 0.028125
0 0.559375 0.7046875 0.040625 0.03125
0 0.51640625 0.69453125 0.0359375 0.0234375
0 0.5015625 0.68125 0.046875 0.028125
0 0.4546875 0.6609375 0.034375 0.021875
0 0.4625 0.68984375 0.03125 0.0234375
0 0.48125 0.715625 0.034375 0.03125
0 0.50078125 0.75078125 0.0296875 0.0390625
0 0.5265625 0.73125 0.03125 0.021875
0 0.546875 0.74921875 0.025 0.0359375
0 0.5390625 0.77890625 0.021875 0.0296875
0 0.50390625 0.7984375 0.0265625 0.025
0 0.53828125 0.8359375 0.0265625 0.03125