0 0.5265625 0.546875 0.04375 0.05625
0 0.371875 0.55703125 0.040625 0.0453125
0 0.40078125 0.61484375 0.0296875 0.0515625
0 0.4171875 0.66796875 0.040625 0.0640625
0 0.34609375 0.61953125 0.0453125 0.0640625
0 0.490625 0.69296875 0.0375 0.0578125
0 0.4234375 0.77421875 0.03125 0.0640625
0 0.575 0.72421875 0.028125 0.0328125
0 0.5859375 0.7515625 0.04375 0.078125
0 0.53828125 0.628125 0.0296875 0.046875
0 0.59140625 0.653125 0.0671875 0.06875
0 0.3671875 0.39609375 0.046875 0.0921875
0 0.390625 0.33203125 0.04375 0.0671875
0 0.4015625 0.4015625 0.04375 0.071875
0 0.58671875 0.53203125 0.0546875 0.0328125
0 0.55 0.27734375 0.05 0.0828125
0 0.60546875 0.19921875 0.0421875 0.0796875
0 0.575 0.34140625 0.040625 0.0734375
0 0.6484375 0.1859375 0.034375 0.084375
0 0.6765625 0.22734375 0.040625 0.0640625
0 0.740625 0.25234375 0.040625 0.0484375
0 0.72734375 0.2875 0.0296875 0.0625
0 0.73203125 0.34296875 0.0234375 0.0609375
0 0.6265625 0.415625 0.053125 0.06875
0 0.6421875 0.49296875 0.053125 0.0765625
0 0.68046875 0.4953125 0.0578125 0.071875
0 0.72421875 0.5421875 0.0640625 0.08125
0 0.659375 0.578125 0.04375 0.059375
0 0.6984375 0.6 0.03125 0.040625
0 0.7203125 0.6546875 0.05625 0.075