0 0.16484375 0.42578125 0.0359375 0.0484375
0 0.2640625 0.57734375 0.0734375 0.0375
0 0.23828125 0.60234375 0.05625 0.0515625
0 0.2 0.63046875 0.05 0.05
0 0.221875 0.53203125 0.0453125 0.0484375
0 0.3078125 0.6046875 0.0359375 0.0390625
0 0.2921875 0.6265625 0.0359375 0.0375
0 0.2796875 0.66015625 0.05625 0.0546875
0 0.31796875 0.671875 0.0359375 0.0375
0 0.36015625 0.72265625 0.0734375 0.06875
0 0.4609375 0.64765625 0.0453125 0.0390625
0 0.50625 0.62109375 0.0671875 0.071875
0 0.3625 0.62578125 0.05625 0.0546875