0 0.67421875 0.48359375 0.028125 0.03125
0 0.67265625 0.5171875 0.021875 0.046875
0 0.6375 0.478125 0.028125 0.03125
0 0.61015625 0.484375 0.025 0.0359375
0 0.58828125 0.4953125 0.028125 0.034375
0 0.5859375 0.51796875 0.015625 0.028125
0 0.59296875 0.5359375 0.0234375 0.034375
0 0.596875 0.57578125 0.0171875 0.0375
0 0.58828125 0.61484375 0.040625 0.0328125
0 0.56171875 0.6125 0.0265625 0.040625
0 0.53671875 0.64375 0.0234375 0.0328125
0 0.65 0.58046875 0.0171875 0.03125
0 0.61875 0.56328125 0.0234375 0.03125
0 0.61640625 0.58984375 0.03125 0.0515625
0 0.62578125 0.5109375 0.0171875 0.0203125
0 0.6375 0.5328125 0.03125 0.0328125
0 0.53125 0.7078125 0.0140625 0.0234375
0 0.60703125 0.63515625 0.01875 0.0265625
0 0.56171875 0.66953125 0.0265625 0.040625
0 0.6640625 0.55625 0.01875 0.0234375
0 0.60859375 0.52578125 0.01875 0.028125