0 0.47109375 0.23359375 0.025 0.028125
0 0.428125 0.19140625 0.0453125 0.075
0 0.4671875 0.15859375 0.0359375 0.059375
0 0.5515625 0.14609375 0.0484375 0.0703125
0 0.5984375 0.16484375 0.0421875 0.0625
0 0.5421875 0.0859375 0.034375 0.05
0 0.48125 0.10078125 0.0515625 0.0640625
0 0.4765625 0.35234375 0.0328125 0.0578125
0 0.7125 0.5734375 0.0328125 0.0359375
0 0.76796875 0.57578125 0.0421875 0.0625
0 0.7921875 0.60546875 0.03125 0.0203125
0 0.77421875 0.83046875 0.03125 0.0390625
0 0.78984375 0.8671875 0.04375 0.065625
0 0.8140625 0.80234375 0.034375 0.0546875
0 0.72109375 0.8359375 0.034375 0.0734375
0 0.78125 0.44140625 0.046875 0.06875
0 0.76015625 0.50078125 0.040625 0.0625
0 0.66015625 0.66796875 0.0515625 0.0640625
0 0.69296875 0.6625 0.0375 0.0328125
0 0.70078125 0.6953125 0.0390625 0.0328125
0 0.76796875 0.771875 0.0265625 0.0703125
0 0.7296875 0.76328125 0.0375 0.03125
0 0.77890625 0.74453125 0.025 0.034375
0 0.778125 0.69765625 0.0328125 0.040625
0 0.803125 0.76953125 0.0359375 0.034375
0 0.8078125 0.71953125 0.0390625 0.040625
0 0.80078125 0.68515625 0.025 0.021875
0 0.79765625 0.6359375 0.04375 0.05
0 0.77421875 0.640625 0.0203125 0.0453125
0 0.76484375 0.684375 0.025 0.0296875
0 0.7140625 0.64453125 0.025 0.0375
0 0.7234375 0.6234375 0.0453125 0.0546875
0 0.74375 0.66875 0.0375 0.0625
0 0.646875 0.61328125 0.0296875 0.0515625
0 0.446875 0.66875 0.0421875 0.0390625
0 0.46640625 0.7046875 0.025 0.0421875
0 0.66640625 0.559375 0.025 0.034375
0 0.50546875 0.2390625 0.034375 0.053125
0 0.3953125 0.134375 0.0296875 0.04375
0 0.4265625 0.075 0.046875 0.046875
0 0.5265625 0.18203125 0.0421875 0.05
0 0.70234375 0.30703125 0.053125 0.0625
0 0.81171875 0.59296875 0.0375 0.0578125
0 0.7859375 0.93046875 0.0484375 0.05
0 0.7453125 0.934375 0.0484375 0.059375
0 0.7203125 0.72890625 0.040625 0.0515625
0 0.703125 0.75546875 0.040625 0.05625
0 0.73828125 0.7984375 0.0328125 0.0484375
0 0.42109375 0.6375 0.0328125 0.046875
0 0.46171875 0.78203125 0.0390625 0.059375
0 0.40234375 0.27421875 0.0453125 0.0609375
0 0.73828125 0.53125 0.028125 0.05
0 0.7578125 0.715625 0.0328125 0.046875
0 0.74375 0.5875 0.0328125 0.0484375
0 0.671875 0.61015625 0.0328125 0.0484375
0 0.471875 0.27265625 0.0375 0.053125