0 0.7671875 0.53828125 0.053125 0.0609375
0 0.721875 0.54453125 0.0515625 0.053125
0 0.6484375 0.52890625 0.0765625 0.059375
0 0.5953125 0.58828125 0.0640625 0.0484375
0 0.753125 0.56953125 0.065625 0.0296875
0 0.75078125 0.61484375 0.0640625 0.059375
0 0.6515625 0.67109375 0.059375 0.0484375
0 0.64375 0.703125 0.078125 0.0578125
0 0.74765625 0.6890625 0.046875 0.0546875
0 0.7140625 0.665625 0.0609375 0.0578125
0 0.77734375 0.72578125 0.0609375 0.0421875
0 0.63984375 0.74375 0.0671875 0.059375
0 0.553125 0.73671875 0.0546875 0.0546875
0 0.59453125 0.625 0.0546875 0.05
0 0.6578125 0.62734375 0.0640625 0.053125
0 0.58203125 0.875 0.0625 0.0609375
0 0.5828125 0.8234375 0.0625 0.0640625
0 0.64765625 0.82421875 0.08125 0.090625
0 0.5390625 0.8546875 0.071875 0.0578125
0 0.53671875 0.89453125 0.071875 0.0453125
0 0.5328125 0.9265625 0.08125 0.0625
0 0.39140625 0.89609375 0.059375 0.0515625
0 0.34375 0.8984375 0.0671875 0.065625
0 0.30546875 0.3328125 0.0578125 0.0515625
0 0.47578125 0.28125 0.08125 0.0578125
0 0.5046875 0.65703125 0.05 0.04375
0 0.52890625 0.690625 0.0453125 0.0265625
0 0.5984375 0.66875 0.0421875 0.0390625
0 0.7234375 0.7578125 0.0640625 0.065625
0 0.70234375 0.79921875 0.06875 0.053125
0 0.54921875 0.675 0.053125 0.04375
0 0.4734375 0.9390625 0.0421875 0.034375
0 0.6875 0.70078125 0.034375 0.0359375
0 0.54609375 0.59453125 0.05 0.04375
0 0.3515625 0.31328125 0.05 0.04375
0 0.3765625 0.50546875 0.0453125 0.053125
0 0.690625 0.58203125 0.0515625 0.05
0 0.59609375 0.29453125 0.0484375 0.0421875
0 0.51640625 0.24296875 0.040625 0.0328125
0 0.528125 0.0734375 0.05 0.0484375
0 0.56875 0.1234375 0.0734375 0.059375
0 0.409375 0.31875 0.040625 0.034375
0 0.47890625 0.8796875 0.0453125 0.034375
0 0.4125 0.8640625 0.0375 0.0296875
0 0.584375 0.790625 0.0375 0.040625
0 0.59765625 0.7359375 0.0625 0.065625
0 0.69921875 0.6171875 0.053125 0.0453125
0 0.8265625 0.5796875 0.0484375 0.0453125
0 0.83125 0.52421875 0.05 0.05
0 0.6796875 0.76015625 0.040625 0.040625
0 0.609375 0.890625 0.0390625 0.0390625
0 0.50703125 0.80234375 0.0515625 0.0515625
0 0.6515625 0.6015625 0.0359375 0.0390625
0 0.6 0.56328125 0.04375 0.04375
0 0.47265625 0.84453125 0.0515625 0.0359375
0 0.8171875 0.4765625 0.0359375 0.034375
0 0.79375 0.465625 0.040625 0.0328125
0 0.54921875 0.6421875 0.0390625 0.0296875
0 0.63046875 0.7859375 0.0421875 0.040625
0 0.44453125 0.871875 0.0421875 0.0375
0 0.42109375 0.92578125 0.05 0.040625
0 0.509375 0.95546875 0.034375 0.0328125