0 0.47109375 0.16484375 0.0453125 0.0296875
0 0.43125 0.10546875 0.05 0.0390625
0 0.2625 0.32734375 0.065625 0.0484375
0 0.24296875 0.3765625 0.0515625 0.071875
0 0.18046875 0.3875 0.0546875 0.04375
0 0.19375 0.33828125 0.05625 0.0203125
0 0.14921875 0.290625 0.0359375 0.028125
0 0.17734375 0.25 0.0515625 0.04375
0 0.13359375 0.51328125 0.0453125 0.0515625
0 0.1921875 0.471875 0.05625 0.04375
0 0.23984375 0.496875 0.0390625 0.0375
0 0.221875 0.5234375 0.034375 0.025
0 0.17265625 0.55 0.0546875 0.05
0 0.2046875 0.6765625 0.05625 0.05625
0 0.23203125 0.61875 0.0453125 0.028125
0 0.24921875 0.653125 0.0390625 0.040625
0 0.30703125 0.6609375 0.0515625 0.0375
0 0.34765625 0.62890625 0.0453125 0.0390625
0 0.403125 0.63125 0.046875 0.0375
0 0.2796875 0.59609375 0.05625 0.0609375
0 0.43046875 0.690625 0.0609375 0.046875
0 0.37890625 0.69765625 0.0609375 0.0390625
0 0.34453125 0.71953125 0.0328125 0.0359375
0 0.38671875 0.76015625 0.0515625 0.0453125
0 0.2 0.8015625 0.05625 0.04375
0 0.2234375 0.8515625 0.071875 0.053125
0 0.271875 0.8796875 0.04375 0.03125
0 0.4390625 0.875 0.05 0.05