0 0.66328125 0.46171875 0.0421875 0.025
0 0.221875 0.890625 0.0859375 0.040625
0 0.50546875 0.93125 0.053125 0.0453125
0 0.509375 0.88046875 0.0484375 0.0359375
0 0.5828125 0.88046875 0.0390625 0.0359375
0 0.6234375 0.8671875 0.05 0.03125
0 0.54296875 0.8421875 0.0328125 0.028125
0 0.59296875 0.80625 0.05 0.0265625
0 0.51484375 0.80703125 0.04375 0.0484375
0 0.46953125 0.76328125 0.0453125 0.0328125
0 0.5328125 0.7484375 0.046875 0.059375
0 0.4703125 0.72890625 0.0390625 0.021875
0 0.58203125 0.71328125 0.05625 0.04375
0 0.60546875 0.7484375 0.05625 0.0421875
0 0.58359375 0.6546875 0.0734375 0.04375
0 0.51484375 0.63515625 0.0609375 0.0421875
0 0.44765625 0.628125 0.0828125 0.0390625
0 0.45625 0.59296875 0.0421875 0.0203125
0 0.51171875 0.54453125 0.059375 0.0359375
0 0.39296875 0.5859375 0.046875 0.040625
0 0.65390625 0.6421875 0.053125 0.0546875
0 0.6859375 0.57265625 0.065625 0.03125
0 0.7609375 0.5765625 0.0453125 0.0328125
0 0.70859375 0.60625 0.0609375 0.0421875
0 0.728125 0.6328125 0.071875 0.0296875
0 0.71015625 0.671875 0.0671875 0.0453125
0 0.665625 0.71484375 0.09375 0.0640625
0 0.6125 0.57734375 0.065625 0.03125
0 0.6234375 0.49921875 0.053125 0.046875
0 0.6921875 0.496875 0.05 0.0390625
0 0.7109375 0.528125 0.0609375 0.046875
0 0.7375 0.45859375 0.0640625 0.0421875
0 0.75703125 0.43046875 0.084375 0.04375
0 0.73203125 0.409375 0.084375 0.0484375
0 0.67109375 0.40859375 0.0796875 0.05625
0 0.6546875 0.36171875 0.0875 0.0515625
0 0.67109375 0.30859375 0.0796875 0.034375
0 0.68203125 0.275 0.078125 0.028125
0 0.71953125 0.3453125 0.0796875 0.0640625
0 0.5453125 0.32421875 0.0828125 0.025
0 0.4921875 0.2234375 0.115625 0.0703125
0 0.51875 0.28828125 0.0765625 0.046875
0 0.32421875 0.27421875 0.0875 0.05
0 0.31328125 0.228125 0.0875 0.0625
0 0.37109375 0.1828125 0.08125 0.04375
0 0.4953125 0.16875 0.08125 0.05
0 0.2515625 0.41953125 0.084375 0.0484375
0 0.23203125 0.37734375 0.0734375 0.046875
0 0.4078125 0.725 0.0546875 0.0359375
0 0.26015625 0.72421875 0.0515625 0.0328125
0 0.3296875 0.86640625 0.0421875 0.0296875
0 0.31640625 0.97421875 0.05 0.0359375
0 0.44765625 0.89296875 0.046875 0.0453125
0 0.41953125 0.95546875 0.05 0.03125
0 0.678125 0.86328125 0.0640625 0.0453125
0 0.759375 0.77265625 0.05 0.0359375
0 0.74296875 0.81171875 0.0421875 0.0375
0 0.85078125 0.675 0.0421875 0.0359375
0 0.1796875 0.2359375 0.05625 0.034375
0 0.42890625 0.6890625 0.05 0.0421875
0 0.49609375 0.70390625 0.059375 0.0328125
0 0.5546875 0.58515625 0.0421875 0.03125
0 0.5796875 0.61484375 0.05625 0.034375
0 0.78359375 0.6125 0.046875 0.0421875