2 0.40546875 0.39296875 0.0484375 0.0484375
2 0.44453125 0.45703125 0.0640625 0.0640625
2 0.8078125 0.42578125 0.05625 0.0546875
2 0.76484375 0.48359375 0.0578125 0.0484375
2 0.80546875 0.525 0.0484375 0.053125
2 0.6703125 0.56875 0.090625 0.08125
2 0.2421875 0.71328125 0.0375 0.0453125
2 0.31953125 0.70078125 0.0421875 0.0421875
2 0.7234375 0.625 0.053125 0.05
2 0.64375 0.66484375 0.046875 0.0421875
2 0.64375 0.6703125 0.05625 0.05
2 0.56328125 0.69453125 0.0765625 0.0640625
2 0.44375 0.721875 0.040625 0.0375
2 0.76953125 0.6734375 0.0484375 0.0625
2 0.38515625 0.27734375 0.0953125 0.0640625