0 0.45078125 0.82578125 0.0421875 0.0390625
0 0.38046875 0.2078125 0.0265625 0.0203125
0 0.29921875 0.7234375 0.0375 0.04375
0 0.3125 0.8421875 0.059375 0.028125
0 0.315625 0.87421875 0.0453125 0.0359375
0 0.35546875 0.89609375 0.04375 0.0359375
0 0.2734375 0.87734375 0.0375 0.028125
0 0.28359375 0.90234375 0.0328125 0.0296875
0 0.22578125 0.86953125 0.03125 0.0296875
0 0.19375 0.859375 0.03125 0.05
0 0.51171875 0.828125 0.0421875 0.0328125
0 0.48671875 0.86328125 0.040625 0.046875
0 0.53125 0.86953125 0.0421875 0.03125