0 0.5375 0.26796875 0.034375 0.0359375
0 0.6171875 0.26640625 0.034375 0.0328125
0 0.67890625 0.26640625 0.0328125 0.0203125
0 0.67265625 0.2984375 0.0234375 0.034375
0 0.646875 0.325 0.0375 0.046875
0 0.578125 0.3484375 0.03125 0.028125
0 0.59140625 0.30078125 0.0640625 0.0265625
0 0.596875 0.19765625 0.034375 0.0390625
0 0.5359375 0.621875 0.034375 0.0375
0 0.5359375 0.6890625 0.046875 0.04375
0 0.4109375 0.7265625 0.03125 0.03125
0 0.43984375 0.74609375 0.0328125 0.0421875
0 0.4984375 0.7734375 0.04375 0.034375
0 0.51640625 0.7296875 0.0515625 0.025
0 0.4390625 0.81875 0.05 0.028125
0 0.32578125 0.67890625 0.0390625 0.0296875
0 0.26875 0.76640625 0.04375 0.0484375