0 0.553125 0.3984375 0.028125 0.034375
0 0.16796875 0.45625 0.0453125 0.034375
0 0.1015625 0.45859375 0.034375 0.0578125
0 0.11875 0.39921875 0.046875 0.0296875
0 0.146875 0.425 0.0375 0.034375
0 0.34765625 0.28515625 0.0296875 0.0265625
0 0.27734375 0.5859375 0.0296875 0.0375
0 0.1484375 0.609375 0.034375 0.034375
0 0.21328125 0.62578125 0.0296875 0.0265625
0 0.14375 0.63984375 0.025 0.0203125
0 0.140625 0.69375 0.040625 0.03125
0 0.2125 0.71875 0.034375 0.0375
0 0.3453125 0.91484375 0.046875 0.0359375
0 0.3109375 0.790625 0.034375 0.03125
0 0.28828125 0.73203125 0.0296875 0.0421875
0 0.44296875 0.878125 0.0515625 0.0375
0 0.396875 0.20625 0.034375 0.028125
0 0.4078125 0.23828125 0.040625 0.0421875
0 0.553125 0.24296875 0.0375 0.0359375
0 0.23203125 0.6578125 0.0296875 0.0375
0 0.37578125 0.76640625 0.0359375 0.0171875
0 0.35390625 0.746875 0.0359375 0.01875
0 0.3328125 0.7140625 0.021875 0.028125
0 0.46953125 0.9390625 0.0328125 0.0375