4 0.36953125 0.34921875 0.015625 0.0234375
4 0.39453125 0.35625 0.0140625 0.025
4 0.70859375 0.4390625 0.021875 0.028125
4 0.31875 0.384375 0.015625 0.0203125
4 0.33828125 0.4359375 0.021875 0.028125
4 0.453125 0.4640625 0.028125 0.0296875
4 0.38671875 0.47734375 0.028125 0.025
4 0.44140625 0.5453125 0.0765625 0.046875
4 0.27578125 0.54765625 0.021875 0.025
4 0.38203125 0.64296875 0.03125 0.025
4 0.409375 0.66484375 0.021875 0.0234375
4 0.4546875 0.67734375 0.015625 0.028125
4 0.36484375 0.73203125 0.021875 0.025
4 0.46953125 0.8015625 0.0296875 0.03125
4 0.53125 0.83984375 0.040625 0.028125
4 0.38046875 0.821875 0.0171875 0.015625
4 0.43125 0.8515625 0.01875 0.0203125
4 0.45859375 0.8640625 0.0265625 0.0203125
4 0.5953125 0.134375 0.021875 0.028125
4 0.54375 0.14140625 0.021875 0.021875
4 0.56796875 0.20859375 0.0234375 0.0171875
4 0.34921875 0.19921875 0.0296875 0.028125
4 0.47109375 0.24453125 0.0203125 0.0171875
4 0.30625 0.2296875 0.03125 0.03125
4 0.359375 0.25546875 0.021875 0.0296875