0 0.53671875 0.82734375 0.0421875 0.0390625
0 0.30859375 0.2484375 0.0265625 0.0203125
0 0.36328125 0.76796875 0.0375 0.0421875
0 0.40703125 0.87890625 0.059375 0.0265625
0 0.41875 0.909375 0.0453125 0.034375
0 0.4625 0.9203125 0.0421875 0.0359375
0 0.37890625 0.9234375 0.0375 0.028125
0 0.39453125 0.9453125 0.0328125 0.0296875
0 0.33046875 0.928125 0.03125 0.0296875
0 0.29765625 0.9265625 0.03125 0.05
0 0.59609375 0.8140625 0.0421875 0.0328125
0 0.58125 0.8546875 0.0390625 0.0453125
0 0.62578125 0.84921875 0.0421875 0.03125