2 0.353125 0.56953125 0.03125 0.0296875
2 0.6015625 0.58984375 0.03125 0.0359375
2 0.47890625 0.6703125 0.0265625 0.028125
2 0.5265625 0.6921875 0.021875 0.021875
2 0.5046875 0.6984375 0.034375 0.03125
2 0.50859375 0.73046875 0.0265625 0.0296875
2 0.54296875 0.73046875 0.0203125 0.0234375
4 0.434375 0.74921875 0.025 0.0265625
2 0.5828125 0.80234375 0.03125 0.0359375
2 0.45546875 0.8125 0.0265625 0.025
2 0.55859375 0.834375 0.0328125 0.025
2 0.4953125 0.83828125 0.053125 0.0453125
2 0.346875 0.85546875 0.034375 0.0265625
2 0.5640625 0.8578125 0.03125 0.025
2 0.45703125 0.8671875 0.0296875 0.021875
2 0.32734375 0.903125 0.0234375 0.03125
2 0.428125 0.93203125 0.0375 0.0265625