0 0.59296875 0.140625 0.065625 0.0546875
0 0.52109375 0.1296875 0.0703125 0.0390625
0 0.35625 0.16328125 0.059375 0.0515625
0 0.50625 0.19375 0.0625 0.0515625
0 0.4421875 0.20234375 0.0625 0.0671875
0 0.47421875 0.128125 0.071875 0.059375
0 0.3796875 0.2359375 0.053125 0.0375
0 0.365625 0.296875 0.075 0.05
0 0.28359375 0.27578125 0.04375 0.021875
0 0.2828125 0.3171875 0.04375 0.0390625
0 0.365625 0.3578125 0.078125 0.059375
0 0.221875 0.35234375 0.0671875 0.046875
0 0.3046875 0.39375 0.04375 0.0375
0 0.18828125 0.38671875 0.0609375 0.0390625
0 0.125 0.43125 0.0578125 0.0453125
0 0.13203125 0.49375 0.06875 0.0484375
0 0.103125 0.51796875 0.0796875 0.0546875
0 0.4140625 0.42578125 0.0953125 0.053125
0 0.15078125 0.61171875 0.0890625 0.059375
0 0.54296875 0.50703125 0.065625 0.0515625
0 0.215625 0.6921875 0.0859375 0.0515625
0 0.0640625 0.72265625 0.06875 0.059375
0 0.16328125 0.809375 0.046875 0.0375
0 0.63984375 0.79296875 0.0484375 0.0515625
0 0.809375 0.80390625 0.1078125 0.0390625
0 0.78359375 0.753125 0.0625 0.0484375
0 0.75 0.68125 0.0890625 0.0578125
0 0.640625 0.68125 0.0734375 0.05625
0 0.75078125 0.53828125 0.0796875 0.05625
0 0.8203125 0.60703125 0.0828125 0.0578125
0 0.92890625 0.81953125 0.078125 0.040625
0 0.83671875 0.86875 0.0515625 0.0421875
0 0.83984375 0.94140625 0.1078125 0.040625
0 0.85078125 0.9796875 0.0921875 0.040625
0 0.71171875 0.86640625 0.09375 0.0578125
0 0.49375 0.690625 0.0890625 0.0484375
0 0.4296875 0.746875 0.096875 0.0453125
0 0.46015625 0.79765625 0.0390625 0.046875
0 0.6421875 0.5796875 0.071875 0.046875
0 0.5515625 0.8453125 0.0765625 0.05625
0 0.621875 0.89921875 0.0625 0.0609375
0 0.746875 0.94921875 0.0859375 0.071875
0 0.4703125 0.84921875 0.0953125 0.0609375
0 0.340625 0.7515625 0.121875 0.0421875
0 0.34140625 0.68125 0.096875 0.0671875
0 0.253125 0.62578125 0.065625 0.0515625
0 0.35859375 0.59453125 0.1 0.0671875
0 0.40703125 0.5421875 0.0859375 0.0609375
0 0.3734375 0.50546875 0.0515625 0.0484375
0 0.259375 0.5390625 0.0484375 0.034375
0 0.1984375 0.546875 0.06875 0.053125
0 0.3046875 0.45703125 0.0734375 0.025
0 0.23203125 0.46015625 0.0734375 0.084375