0 0.15078125 0.56328125 0.0359375 0.0328125
0 0.19140625 0.57578125 0.046875 0.03125
0 0.27265625 0.6296875 0.0671875 0.0578125
0 0.246875 0.66484375 0.053125 0.0390625
0 0.171875 0.61875 0.059375 0.0453125
0 0.11953125 0.634375 0.04375 0.040625
0 0.175 0.72734375 0.0390625 0.0421875
0 0.24296875 0.7703125 0.0390625 0.0375
0 0.2890625 0.80234375 0.04375 0.0453125
0 0.18359375 0.79609375 0.059375 0.046875
0 0.1359375 0.821875 0.034375 0.0375
0 0.0703125 0.7546875 0.0421875 0.025
0 0.58515625 0.58359375 0.0328125 0.03125
0 0.3828125 0.6375 0.0328125 0.0390625
0 0.55703125 0.89375 0.0453125 0.034375