2 0.4015625 0.3953125 0.0484375 0.05
2 0.4421875 0.45859375 0.065625 0.065625
2 0.8046875 0.4140625 0.0578125 0.05625
2 0.7640625 0.4734375 0.059375 0.0515625
2 0.80546875 0.5140625 0.05 0.053125
2 0.671875 0.5625 0.0921875 0.084375
2 0.25 0.72265625 0.0390625 0.046875
2 0.32578125 0.7078125 0.0421875 0.04375
2 0.728125 0.6171875 0.0546875 0.0515625
2 0.6484375 0.659375 0.046875 0.04375
2 0.6484375 0.665625 0.0578125 0.0515625
2 0.56953125 0.69140625 0.0765625 0.065625
2 0.4515625 0.7234375 0.040625 0.0390625
2 0.775 0.6640625 0.05 0.0640625
2 0.3765625 0.28125 0.096875 0.0671875