0 0.234375 0.453125 0.071875 0.05
0 0.6234375 0.25625 0.0453125 0.0375
0 0.47421875 0.68671875 0.034375 0.0375
0 0.49921875 0.753125 0.0421875 0.0234375
0 0.3984375 0.83203125 0.0734375 0.04375
0 0.33203125 0.82578125 0.04375 0.040625
0 0.28125 0.86171875 0.075 0.0625
0 0.26328125 0.784375 0.0421875 0.0265625
0 0.296875 0.6765625 0.03125 0.0296875
0 0.215625 0.62734375 0.0484375 0.028125
0 0.3625 0.628125 0.0328125 0.025
0 0.24375 0.69375 0.0375 0.0390625
0 0.13359375 0.55859375 0.05625 0.059375
0 0.18203125 0.69296875 0.04375 0.0375