0 0.52265625 0.23203125 0.0203125 0.0234375
0 0.48828125 0.1828125 0.0328125 0.06875
0 0.5328125 0.159375 0.025 0.05625
0 0.61875 0.16171875 0.0375 0.0640625
0 0.66015625 0.1890625 0.0328125 0.05625
0 0.61953125 0.10234375 0.0265625 0.0453125
0 0.5578125 0.1046875 0.040625 0.05625
0 0.5046875 0.35 0.021875 0.053125
0 0.69453125 0.61171875 0.0265625 0.0296875
0 0.74765625 0.625 0.0328125 0.05625
0 0.76640625 0.65859375 0.0296875 0.0140625
0 0.70625 0.87734375 0.025 0.0359375
0 0.71484375 0.915625 0.0328125 0.059375
0 0.75 0.85703125 0.025 0.0515625
0 0.65234375 0.871875 0.0203125 0.06875
0 0.78671875 0.49609375 0.0359375 0.0640625
0 0.75546875 0.55 0.0296875 0.05625
0 0.6265625 0.69453125 0.040625 0.0578125
0 0.65859375 0.696875 0.0328125 0.028125
0 0.659375 0.73046875 0.034375 0.0265625
0 0.71015625 0.81875 0.0140625 0.06875
0 0.675 0.80234375 0.03125 0.0265625
0 0.72734375 0.7921875 0.0203125 0.03125
0 0.7359375 0.74765625 0.025 0.0359375
0 0.7453125 0.82265625 0.03125 0.0296875
0 0.76015625 0.77421875 0.0328125 0.0359375
0 0.7609375 0.7390625 0.021875 0.01875
0 0.76640625 0.68984375 0.0359375 0.0421875
0 0.74140625 0.68984375 0.0109375 0.0421875
0 0.72578125 0.73046875 0.0203125 0.0265625
0 0.68203125 0.68203125 0.0171875 0.0328125
0 0.69609375 0.66328125 0.0359375 0.0484375
0 0.70703125 0.71171875 0.0265625 0.0578125
0 0.62265625 0.63984375 0.0203125 0.0484375
0 0.415625 0.65546875 0.0375 0.0328125
0 0.428125 0.69453125 0.01875 0.0390625
0 0.6515625 0.5890625 0.01875 0.03125
0 0.55625 0.24375 0.025 0.05
0 0.46640625 0.121875 0.0234375 0.040625
0 0.509375 0.06875 0.040625 0.040625
0 0.58671875 0.19296875 0.0328125 0.0453125
0 0.73515625 0.3484375 0.0421875 0.05625
0 0.78828125 0.65 0.0265625 0.053125
0 0.6984375 0.978125 0.040625 0.04375
0 0.65703125 0.9734375 0.0390625 0.053125
0 0.67265625 0.7671875 0.0328125 0.046875
0 0.6515625 0.78828125 0.03125 0.0515625
0 0.6765625 0.83828125 0.025 0.0453125
0 0.3953125 0.61953125 0.025 0.0421875
0 0.409375 0.76953125 0.028125 0.0546875
0 0.446875 0.259375 0.034375 0.05625
0 0.7265625 0.575 0.01875 0.046875
0 0.71171875 0.7609375 0.0265625 0.040625
0 0.72265625 0.63203125 0.0234375 0.0453125
0 0.6484375 0.63984375 0.025 0.0453125
0 0.515625 0.27109375 0.028125 0.0484375