4 0.61640625 0.36953125 0.0828125 0.0890625
4 0.225 0.59609375 0.0375 0.0390625
4 0.4703125 0.62265625 0.053125 0.0484375
4 0.52109375 0.62578125 0.0578125 0.0671875
4 0.47265625 0.625 0.0453125 0.034375
1 0.378125 0.73515625 0.040625 0.0453125
4 0.2078125 0.73671875 0.034375 0.0453125
4 0.5015625 0.86640625 0.0625 0.0578125
4 0.50234375 0.871875 0.0453125 0.040625
4 0.26484375 0.91328125 0.0578125 0.0453125
4 0.44375 0.10390625 0.15 0.1203125
4 0.490625 0.21484375 0.05 0.0609375
4 0.65625 0.2546875 0.040625 0.040625