0 0.5046875 0.26484375 0.0390625 0.040625
0 0.58359375 0.25234375 0.0390625 0.0375
0 0.64453125 0.24375 0.0359375 0.025
0 0.64296875 0.2765625 0.028125 0.0375
0 0.62109375 0.30625 0.04375 0.0515625
0 0.55625 0.3390625 0.034375 0.0328125
0 0.5625 0.28984375 0.0671875 0.0359375
0 0.55390625 0.1875 0.0390625 0.04375
0 0.55234375 0.615625 0.0390625 0.0421875
0 0.56171875 0.68203125 0.053125 0.05
0 0.44296875 0.73671875 0.0359375 0.0359375
0 0.475 0.75234375 0.0390625 0.046875
0 0.53671875 0.77109375 0.0484375 0.040625
0 0.5484375 0.725 0.0546875 0.03125
0 0.484375 0.82421875 0.053125 0.034375
0 0.35234375 0.7015625 0.0421875 0.034375
0 0.3078125 0.79609375 0.05 0.0546875