0 0.49453125 0.10859375 0.0734375 0.05625
0 0.325 0.33046875 0.0546875 0.05625
0 0.38515625 0.3015625 0.0765625 0.04375
0 0.496875 0.7328125 0.0640625 0.0453125
0 0.25234375 0.71015625 0.0734375 0.0484375
0 0.38046875 0.51328125 0.05625 0.0546875
0 0.44140625 0.440625 0.0671875 0.053125
0 0.5375 0.2265625 0.0515625 0.059375
0 0.43203125 0.37109375 0.0734375 0.065625
0 0.35234375 0.39609375 0.065625 0.0765625
0 0.56015625 0.52421875 0.0765625 0.0515625
0 0.58984375 0.60625 0.06875 0.0640625
0 0.43359375 0.559375 0.0890625 0.075
0 0.39609375 0.65625 0.0875 0.0546875
0 0.58046875 0.665625 0.09375 0.0640625
0 0.55546875 0.71015625 0.0796875 0.0609375
0 0.3984375 0.7125 0.065625 0.0671875
0 0.334375 0.69609375 0.0796875 0.0625
0 0.31171875 0.7609375 0.09375 0.0703125
0 0.45625 0.81875 0.084375 0.059375
0 0.5859375 0.7921875 0.125 0.0578125
0 0.56796875 0.85546875 0.0609375 0.040625
0 0.76796875 0.87578125 0.10625 0.065625
0 0.7203125 0.6125 0.0796875 0.071875
0 0.64140625 0.5890625 0.065625 0.059375
0 0.51640625 0.584375 0.09375 0.0640625
0 0.6953125 0.1375 0.05 0.0421875
0 0.4625 0.1796875 0.071875 0.05
0 0.3578125 0.4609375 0.0734375 0.034375
0 0.30078125 0.54609375 0.0640625 0.046875
0 0.6546875 0.76171875 0.053125 0.040625
0 0.76953125 0.78046875 0.0578125 0.034375
0 0.83515625 0.7828125 0.0453125 0.0421875
0 0.92890625 0.55234375 0.0578125 0.05
0 0.76484375 0.51015625 0.0390625 0.0296875
0 0.81328125 0.51171875 0.0671875 0.0390625
0 0.78828125 0.553125 0.06875 0.0453125
0 0.7609375 0.453125 0.0390625 0.028125
0 0.78828125 0.46796875 0.0375 0.0265625
0 0.8140625 0.34765625 0.0453125 0.0296875
0 0.71796875 0.2515625 0.0546875 0.04375
0 0.61015625 0.115625 0.05625 0.0421875
0 0.3546875 0.82421875 0.071875 0.0515625
0 0.25625 0.65390625 0.0515625 0.0390625
0 0.4703125 0.6609375 0.0609375 0.08125
0 0.25546875 0.83828125 0.0484375 0.0421875
0 0.31640625 0.91171875 0.0796875 0.0625
0 0.64375 0.91640625 0.065625 0.0515625
0 0.6859375 0.85859375 0.0734375 0.05
0 0.6140625 0.7296875 0.0875 0.05625
0 0.41171875 0.50546875 0.0453125 0.0375
0 0.571875 0.90234375 0.0546875 0.0375
0 0.5140625 0.503125 0.04375 0.03125
0 0.5 0.4765625 0.0453125 0.0390625
0 0.5546875 0.48359375 0.059375 0.0359375
0 0.79140625 0.26328125 0.04375 0.0234375
0 0.48515625 0.24140625 0.065625 0.059375
0 0.4234375 0.259375 0.065625 0.0515625
0 0.4390625 0.3140625 0.0578125 0.046875
0 0.47421875 0.29453125 0.0609375 0.0484375
0 0.29453125 0.4296875 0.0515625 0.040625
0 0.2859375 0.48125 0.0484375 0.046875
0 0.465625 0.87265625 0.04375 0.040625
0 0.425 0.89609375 0.059375 0.05