0 0.33828125 0.51796875 0.0296875 0.0390625
0 0.28203125 0.52109375 0.0296875 0.0359375
0 0.75859375 0.68671875 0.0515625 0.0390625
0 0.70703125 0.7578125 0.0859375 0.0625
0 0.7609375 0.73515625 0.046875 0.0359375
0 0.74140625 0.63515625 0.0515625 0.0640625
0 0.7765625 0.60546875 0.059375 0.0578125
0 0.8078125 0.621875 0.046875 0.046875
0 0.8578125 0.61484375 0.06875 0.0515625
0 0.4609375 0.88046875 0.01875 0.0296875
0 0.85234375 0.5015625 0.0390625 0.028125
0 0.871875 0.45703125 0.05625 0.0421875
0 0.8546875 0.31171875 0.059375 0.0640625
0 0.70546875 0.24453125 0.0546875 0.0609375
0 0.7546875 0.2671875 0.059375 0.06875
0 0.75703125 0.02265625 0.0296875 0.0359375
0 0.73671875 0.06328125 0.0546875 0.0640625
0 0.759375 0.1515625 0.034375 0.046875
0 0.70078125 0.16328125 0.0359375 0.0359375
0 0.5390625 0.6609375 0.0375 0.028125
0 0.49609375 0.5578125 0.0296875 0.021875
0 0.6015625 0.86015625 0.04375 0.0265625
0 0.55 0.91953125 0.040625 0.0421875
0 0.62578125 0.92578125 0.0390625 0.0578125