0 0.34609375 0.55390625 0.0375 0.0453125
0 0.2921875 0.56953125 0.0375 0.0421875
0 0.79375 0.6234375 0.059375 0.05
0 0.759375 0.7046875 0.0984375 0.0796875
0 0.80703125 0.6703125 0.053125 0.0453125
0 0.765625 0.57734375 0.0640625 0.0734375
0 0.79296875 0.540625 0.0703125 0.0703125
0 0.82734375 0.54921875 0.05625 0.05625
0 0.87421875 0.53125 0.078125 0.065625
0 0.54765625 0.8796875 0.025 0.0328125
0 0.84375 0.421875 0.04375 0.0359375
0 0.85234375 0.37421875 0.0640625 0.053125
0 0.803125 0.23671875 0.071875 0.075
0 0.64296875 0.2046875 0.0671875 0.071875
0 0.69609375 0.215625 0.0734375 0.0796875
0 0.63203125 0.02890625 0.0671875 0.0578125
0 0.67421875 0.10234375 0.04375 0.053125
0 0.61953125 0.1265625 0.04375 0.04375
0 0.57421875 0.64765625 0.0421875 0.0359375
0 0.509375 0.55703125 0.034375 0.028125
0 0.6796875 0.828125 0.0484375 0.0359375
0 0.64296875 0.89765625 0.0484375 0.05
0 0.71796875 0.88671875 0.0515625 0.065625