0 0.89609375 0.51640625 0.0390625 0.05
0 0.8375 0.5015625 0.0546875 0.040625
0 0.7609375 0.471875 0.05625 0.059375
0 0.71640625 0.47109375 0.0421875 0.046875
0 0.55546875 0.56171875 0.0453125 0.040625
0 0.5953125 0.54453125 0.0640625 0.05
0 0.603125 0.5875 0.059375 0.053125
0 0.51328125 0.62890625 0.0546875 0.0546875
0 0.740625 0.54609375 0.04375 0.034375
0 0.6484375 0.6171875 0.0484375 0.0390625
0 0.68515625 0.515625 0.046875 0.0375
0 0.78359375 0.6359375 0.05625 0.0375
0 0.74765625 0.63125 0.059375 0.053125
0 0.68046875 0.65546875 0.0390625 0.0328125
0 0.5828125 0.6859375 0.0453125 0.0484375
0 0.67265625 0.709375 0.0515625 0.0453125
0 0.70625 0.75625 0.053125 0.071875
0 0.77890625 0.6828125 0.0453125 0.0421875
0 0.8 0.71796875 0.059375 0.0515625
0 0.6328125 0.77265625 0.0515625 0.0515625
0 0.5421875 0.2375 0.06875 0.0578125
0 0.45625 0.21484375 0.0671875 0.0625
0 0.303125 0.30546875 0.053125 0.0421875
0 0.22890625 0.3140625 0.0734375 0.0625
0 0.36484375 0.42109375 0.0671875 0.0625
0 0.55625 0.61484375 0.0453125 0.0546875
0 0.80390625 0.53515625 0.065625 0.06875
0 0.73125 0.57734375 0.06875 0.0609375
0 0.64140625 0.68046875 0.0515625 0.0578125
0 0.64140625 0.48046875 0.053125 0.04375
0 0.84375 0.66953125 0.0703125 0.065625
0 0.65 0.83046875 0.0828125 0.08125
0 0.58359375 0.8546875 0.05625 0.05625
0 0.8296875 0.85703125 0.0671875 0.0640625
0 0.36953125 0.5109375 0.0453125 0.0484375
0 0.41953125 0.51015625 0.046875 0.0375
0 0.7390625 0.846875 0.0453125 0.03125
0 0.60859375 0.9078125 0.04375 0.0390625
0 0.41953125 0.9125 0.0375 0.0421875
0 0.52421875 0.82421875 0.04375 0.046875
0 0.540625 0.759375 0.065625 0.059375
0 0.58359375 0.71640625 0.0359375 0.03125
0 0.73203125 0.7125 0.046875 0.0625
0 0.875 0.66171875 0.0484375 0.0515625
0 0.665625 0.57890625 0.05 0.04375
0 0.609375 0.63515625 0.0578125 0.053125
0 0.27734375 0.3515625 0.075 0.05625
0 0.3796875 0.27578125 0.0375 0.0375
0 0.27265625 0.27734375 0.046875 0.0328125
0 0.47578125 0.85078125 0.046875 0.0359375
0 0.4484375 0.88125 0.0453125 0.04375
0 0.39765625 0.88671875 0.034375 0.0296875
0 0.4359375 0.059375 0.046875 0.0375
0 0.496875 0.1046875 0.053125 0.040625