0 0.35234375 0.39296875 0.0328125 0.028125
0 0.3234375 0.3734375 0.0453125 0.0390625
0 0.35546875 0.31796875 0.0296875 0.034375
0 0.31640625 0.67265625 0.0453125 0.0375
0 0.278125 0.69609375 0.0375 0.028125
0 0.26640625 0.72734375 0.034375 0.025
0 0.2984375 0.74921875 0.01875 0.034375
0 0.328125 0.78515625 0.04375 0.0390625
0 0.40234375 0.8046875 0.0453125 0.046875
0 0.38046875 0.73125 0.021875 0.0140625
0 0.38359375 0.74296875 0.0515625 0.0484375
0 0.3921875 0.6984375 0.046875 0.0390625
0 0.4203125 0.69921875 0.034375 0.0359375
0 0.45546875 0.7046875 0.034375 0.0265625
0 0.3640625 0.65234375 0.0421875 0.034375
0 0.41484375 0.64453125 0.0359375 0.0484375
0 0.5328125 0.7234375 0.0421875 0.0421875
0 0.48828125 0.6953125 0.0421875 0.021875
0 0.49296875 0.7453125 0.046875 0.0390625
0 0.4625 0.7703125 0.05625 0.0375
0 0.33828125 0.71953125 0.0375 0.0421875
0 0.71953125 0.34765625 0.046875 0.0328125
0 0.62890625 0.1640625 0.040625 0.0234375
0 0.76484375 0.25859375 0.05625 0.0375
0 0.71796875 0.1703125 0.046875 0.0375