4 0.19453125 0.33203125 0.0203125 0.0234375
2 0.15546875 0.3734375 0.0234375 0.0125
4 0.19453125 0.415625 0.0328125 0.03125
4 0.2484375 0.43359375 0.028125 0.0171875
4 0.1046875 0.59140625 0.034375 0.0296875
4 0.17578125 0.621875 0.0265625 0.03125
2 0.16796875 0.68203125 0.0265625 0.0171875
2 0.19296875 0.69453125 0.0296875 0.0140625
2 0.1875 0.72265625 0.025 0.0171875
4 0.35390625 0.23671875 0.0203125 0.0140625
4 0.28515625 0.24765625 0.0265625 0.0140625
4 0.36484375 0.26796875 0.0265625 0.0140625