0 0.44921875 0.1921875 0.075 0.040625
0 0.26875 0.24375 0.071875 0.05625
0 0.19453125 0.2546875 0.1046875 0.075
0 0.21875 0.3703125 0.06875 0.0515625
0 0.14765625 0.34453125 0.1015625 0.0734375
0 0.20390625 0.4171875 0.0734375 0.0625
0 0.28984375 0.525 0.1125 0.0828125
0 0.190625 0.56171875 0.103125 0.125
0 0.33671875 0.8265625 0.0953125 0.0515625
0 0.39453125 0.8578125 0.046875 0.0734375
0 0.24765625 0.8640625 0.084375 0.071875
0 0.321875 0.85859375 0.0921875 0.0859375
0 0.3328125 0.7765625 0.0546875 0.034375
0 0.12734375 0.728125 0.0484375 0.0328125
0 0.453125 0.76015625 0.0359375 0.03125
0 0.19921875 0.66484375 0.04375 0.034375
0 0.215625 0.45859375 0.046875 0.0390625
0 0.3953125 0.696875 0.0546875 0.040625
0 0.65859375 0.3328125 0.0421875 0.0609375
0 0.33359375 0.7328125 0.04375 0.0375
0 0.17109375 0.38203125 0.0453125 0.040625