0 0.55234375 0.54453125 0.0390625 0.0546875
0 0.55 0.596875 0.0359375 0.0421875
0 0.55625 0.6453125 0.040625 0.0484375
0 0.471875 0.62109375 0.0390625 0.053125
0 0.4734375 0.646875 0.028125 0.025
0 0.41875 0.609375 0.0296875 0.0390625
0 0.428125 0.63671875 0.0203125 0.0265625
0 0.434375 0.6734375 0.04375 0.0375
0 0.43359375 0.70859375 0.03125 0.04375
0 0.4109375 0.70703125 0.0171875 0.0328125
0 0.390625 0.74140625 0.025 0.025
0 0.4078125 0.76640625 0.028125 0.0375
0 0.44453125 0.7359375 0.0421875 0.0421875
0 0.50546875 0.7578125 0.034375 0.0390625
0 0.58125 0.75703125 0.0296875 0.0484375
0 0.5359375 0.778125 0.015625 0.0265625
0 0.53515625 0.81875 0.040625 0.0390625
0 0.49296875 0.828125 0.04375 0.0515625
0 0.50234375 0.85546875 0.028125 0.0515625
0 0.53359375 0.87421875 0.0359375 0.05625
0 0.5265625 0.915625 0.034375 0.053125
0 0.671875 0.8890625 0.0390625 0.071875
0 0.45625 0.8015625 0.0359375 0.040625
0 0.45078125 0.82890625 0.0234375 0.03125
0 0.4609375 0.85703125 0.0328125 0.040625