2 0.43203125 0.3734375 0.0390625 0.040625
2 0.4546875 0.4453125 0.053125 0.053125
2 0.81640625 0.49609375 0.0484375 0.0453125
2 0.76171875 0.54296875 0.0515625 0.0390625
2 0.79140625 0.59296875 0.0390625 0.0453125
2 0.65 0.6046875 0.078125 0.065625
2 0.20078125 0.65 0.0296875 0.040625
2 0.278125 0.65546875 0.034375 0.0359375
2 0.68984375 0.671875 0.0453125 0.040625
2 0.60234375 0.6921875 0.0390625 0.034375
2 0.60078125 0.6984375 0.0484375 0.040625
2 0.5171875 0.703125 0.065625 0.05
2 0.3953125 0.703125 0.034375 0.03125
2 0.7234375 0.7296875 0.0375 0.05625
2 0.4375 0.25703125 0.0875 0.0453125