0 0.3546875 0.484375 0.04375 0.04375
0 0.33125 0.4015625 0.04375 0.046875
0 0.3046875 0.32734375 0.0484375 0.059375
0 0.70078125 0.6 0.0703125 0.053125
0 0.48359375 0.66484375 0.0546875 0.0453125
0 0.58046875 0.69375 0.0390625 0.04375
0 0.57265625 0.7296875 0.0578125 0.046875
0 0.6328125 0.6703125 0.0515625 0.0625
0 0.77265625 0.6765625 0.053125 0.0515625
0 0.72578125 0.6953125 0.0359375 0.03125
0 0.77578125 0.7109375 0.046875 0.0375
0 0.6296875 0.7375 0.0515625 0.0375
0 0.63828125 0.7734375 0.0375 0.046875
0 0.653125 0.8046875 0.0484375 0.046875
0 0.7125 0.815625 0.059375 0.0421875
0 0.69296875 0.75859375 0.0546875 0.046875
0 0.6921875 0.71640625 0.05625 0.05625
0 0.53828125 0.965625 0.0421875 0.040625
0 0.8375 0.6203125 0.0796875 0.0859375
0 0.6625 0.75703125 0.0453125 0.0375
0 0.7296875 0.75078125 0.0484375 0.0390625