0 0.56796875 0.29765625 0.05 0.0453125
0 0.75078125 0.37265625 0.075 0.0625
0 0.80078125 0.4296875 0.0578125 0.0453125
0 0.82109375 0.5109375 0.0578125 0.053125
0 0.8546875 0.61953125 0.06875 0.04375
0 0.8359375 0.54453125 0.05 0.0453125
0 0.665625 0.6328125 0.0515625 0.0546875
0 0.6015625 0.62421875 0.0671875 0.053125
0 0.6578125 0.6734375 0.0734375 0.0609375
0 0.69609375 0.69375 0.05 0.0453125
0 0.73984375 0.7140625 0.0734375 0.059375
0 0.25 0.6203125 0.0609375 0.0578125
0 0.52109375 0.72109375 0.0703125 0.0453125
0 0.49140625 0.76015625 0.0484375 0.04375
0 0.540625 0.778125 0.059375 0.053125
0 0.58359375 0.74609375 0.071875 0.05625
0 0.63046875 0.83359375 0.0625 0.0546875
0 0.69375 0.75234375 0.0421875 0.0421875
0 0.478125 0.88515625 0.053125 0.0453125
0 0.55 0.93359375 0.0171875 0.015625
0 0.41015625 0.83125 0.06875 0.0546875
0 0.3265625 0.86796875 0.05 0.053125
0 0.33125 0.91328125 0.0703125 0.0484375
0 0.2828125 0.8296875 0.0546875 0.0609375
0 0.4484375 0.8984375 0.04375 0.0390625