0 0.8109375 0.65546875 0.040625 0.0296875
0 0.82734375 0.671875 0.03125 0.0328125
0 0.7921875 0.68359375 0.0375 0.0265625
0 0.78671875 0.715625 0.0328125 0.034375
0 0.76015625 0.7328125 0.0484375 0.0375
0 0.7875 0.78515625 0.05 0.04375
0 0.7078125 0.72890625 0.034375 0.028125
0 0.62421875 0.63359375 0.0421875 0.0390625
0 0.73046875 0.6640625 0.046875 0.0453125
0 0.6625 0.69453125 0.034375 0.03125
0 0.5375 0.6171875 0.0453125 0.04375
0 0.5734375 0.90703125 0.04375 0.0515625
0 0.846875 0.58203125 0.04375 0.0484375
0 0.4578125 0.228125 0.0515625 0.046875
0 0.3796875 0.3203125 0.0390625 0.0359375
0 0.36328125 0.371875 0.05 0.046875
0 0.35 0.47109375 0.0421875 0.04375
0 0.30078125 0.3734375 0.046875 0.0375
0 0.3171875 0.39453125 0.0359375 0.0359375
0 0.33515625 0.31640625 0.034375 0.03125
0 0.3703125 0.28359375 0.04375 0.04375
0 0.27421875 0.3171875 0.0546875 0.0328125
0 0.25390625 0.3765625 0.05 0.046875