0 0.15625 0.5875 0.034375 0.03125
0 0.19765625 0.596875 0.0453125 0.028125
0 0.28203125 0.6453125 0.0640625 0.053125
0 0.259375 0.68203125 0.05 0.0359375
0 0.18125 0.64140625 0.05625 0.0421875
0 0.1296875 0.6609375 0.040625 0.0375
0 0.19140625 0.74921875 0.0359375 0.0390625
0 0.2625 0.7875 0.0375 0.034375
0 0.3109375 0.81640625 0.040625 0.0421875
0 0.2046875 0.8171875 0.05625 0.04375
0 0.159375 0.84609375 0.03125 0.0359375
0 0.0890625 0.784375 0.040625 0.021875
0 0.590625 0.57734375 0.03125 0.0296875
0 0.39296875 0.6453125 0.0296875 0.0375
0 0.584375 0.8890625 0.04375 0.03125