2 0.4109375 0.3875 0.046875 0.046875
2 0.44609375 0.45390625 0.0609375 0.0609375
2 0.81171875 0.4421875 0.0546875 0.053125
2 0.765625 0.496875 0.05625 0.046875
2 0.803125 0.53984375 0.046875 0.0515625
2 0.665625 0.57734375 0.0875 0.0765625
2 0.23203125 0.70078125 0.0359375 0.0453125
2 0.309375 0.690625 0.040625 0.040625
2 0.71796875 0.63671875 0.0515625 0.0484375
2 0.63515625 0.671875 0.0453125 0.040625
2 0.63359375 0.67890625 0.0546875 0.0484375
2 0.55234375 0.69765625 0.0734375 0.0609375
2 0.43203125 0.71875 0.0390625 0.0375
2 0.7609375 0.68828125 0.046875 0.0609375
2 0.396875 0.271875 0.09375 0.059375