0 0.4984375 0.5484375 0.025 0.03125
0 0.709375 0.59921875 0.021875 0.0265625
0 0.7390625 0.70078125 0.034375 0.0234375
0 0.303125 0.54375 0.021875 0.01875
0 0.46484375 0.30390625 0.0328125 0.0234375
1 0.54921875 0.284375 0.0203125 0.015625
1 0.575 0.25625 0.03125 0.01875
1 0.4828125 0.4796875 0.028125 0.028125
1 0.49765625 0.59765625 0.0703125 0.0390625
1 0.44296875 0.878125 0.0140625 0.015625
1 0.56640625 0.89453125 0.0203125 0.0109375
1 0.63125 0.86796875 0.025 0.0171875
1 0.32734375 0.8046875 0.0171875 0.01875