4 0.59375 0.55078125 0.0234375 0.021875
0 0.3125 0.59765625 0.0203125 0.0203125
0 0.303125 0.56953125 0.0234375 0.0171875
4 0.42734375 0.309375 0.0484375 0.0421875
4 0.39609375 0.225 0.0296875 0.0203125
0 0.41640625 0.2625 0.0171875 0.015625
0 0.4796875 0.453125 0.0171875 0.015625
4 0.53359375 0.69765625 0.0296875 0.021875
4 0.48984375 0.80078125 0.034375 0.0265625
1 0.48515625 0.5546875 0.065625 0.0484375
5 0.44296875 0.4890625 0.05 0.05625
5 0.546875 0.496875 0.046875 0.05625
4 0.5328125 0.36875 0.028125 0.0265625