4 0.5359375 0.3015625 0.021875 0.0203125
4 0.47890625 0.33828125 0.0296875 0.01875
4 0.5703125 0.390625 0.0203125 0.0140625
4 0.4296875 0.4984375 0.0234375 0.0234375
4 0.640625 0.51484375 0.0234375 0.0109375
4 0.478125 0.63828125 0.0328125 0.0203125
4 0.578125 0.6515625 0.01875 0.0140625
1 0.378125 0.59296875 0.0140625 0.0125
1 0.5421875 0.56953125 0.015625 0.0078125
1 0.5375 0.51328125 0.0296875 0.0171875
1 0.5875 0.34921875 0.0234375 0.0171875
0 0.55234375 0.3453125 0.0140625 0.0125
4 0.63671875 0.5359375 0.01875 0.0109375
0 0.43828125 0.51640625 0.0125 0.0078125
0 0.38828125 0.490625 0.0078125 0.00625
0 0.38359375 0.5078125 0.0109375 0.0078125
4 0.57265625 0.35078125 0.009375 0.0125