0 0.52109375 0.54375 0.0359375 0.0390625
0 0.73125 0.48984375 0.0296875 0.0328125
0 0.8046875 0.5640625 0.0421875 0.0359375
0 0.34609375 0.63203125 0.0265625 0.025
0 0.378125 0.3421875 0.040625 0.034375
1 0.44296875 0.2859375 0.025 0.021875
1 0.4515625 0.24921875 0.0359375 0.028125
1 0.475 0.490625 0.0375 0.0375
1 0.54375 0.5875 0.0828125 0.0625
1 0.62734375 0.8609375 0.01875 0.0203125
1 0.74296875 0.81796875 0.0234375 0.0171875
1 0.78828125 0.7640625 0.0296875 0.025
1 0.490625 0.8515625 0.021875 0.0234375