0 0.50078125 0.54765625 0.0234375 0.0296875
0 0.71484375 0.584375 0.0203125 0.025
0 0.75234375 0.6828125 0.0328125 0.021875
0 0.30546875 0.55703125 0.0203125 0.0171875
0 0.4515625 0.30625 0.03125 0.021875
1 0.534375 0.28046875 0.01875 0.0140625
1 0.55703125 0.25078125 0.0296875 0.0171875
1 0.48046875 0.48046875 0.0265625 0.0265625
1 0.5046875 0.596875 0.06875 0.034375
1 0.46875 0.88046875 0.0125 0.0140625
1 0.59296875 0.8890625 0.0203125 0.009375
1 0.65546875 0.8578125 0.0234375 0.015625
1 0.3484375 0.81640625 0.015625 0.0171875