0 0.53515625 0.53828125 0.0421875 0.0453125
0 0.7296875 0.4375 0.0359375 0.0375
0 0.81875 0.4953125 0.0453125 0.040625
0 0.3828125 0.6640625 0.0328125 0.03125
0 0.3484375 0.37578125 0.04375 0.040625
1 0.39921875 0.303125 0.0296875 0.0265625
1 0.3984375 0.26484375 0.0421875 0.0375
1 0.4765625 0.49765625 0.0453125 0.0453125
1 0.56796875 0.57578125 0.0953125 0.0796875
1 0.7109375 0.82578125 0.021875 0.021875
1 0.8171875 0.75703125 0.028125 0.0234375
1 0.84765625 0.69375 0.0359375 0.03125
1 0.575 0.846875 0.0265625 0.0265625