0 0.4953125 0.55078125 0.025 0.0296875
0 0.275 0.5765625 0.021875 0.025
0 0.2328125 0.67421875 0.034375 0.0234375
0 0.69375 0.56953125 0.021875 0.0203125
0 0.5578125 0.30859375 0.03125 0.0234375
1 0.47578125 0.278125 0.0203125 0.015625
1 0.45390625 0.2453125 0.0296875 0.01875
1 0.51953125 0.4828125 0.0296875 0.028125
1 0.4890625 0.59921875 0.071875 0.0390625
1 0.5109375 0.88828125 0.0125 0.0140625
1 0.38359375 0.8921875 0.0203125 0.0125
1 0.32109375 0.85703125 0.0265625 0.0171875
1 0.63515625 0.83125 0.0171875 0.01875