0 0.484375 0.5484375 0.03125 0.034375
0 0.26328125 0.52421875 0.0265625 0.0296875
0 0.20078125 0.609375 0.0390625 0.03125
0 0.6734375 0.61171875 0.0265625 0.025
0 0.59921875 0.3265625 0.0359375 0.0296875
1 0.5265625 0.278125 0.0234375 0.0203125
1 0.5125 0.24140625 0.0328125 0.025
1 0.52265625 0.4875 0.0359375 0.034375
1 0.4671875 0.59453125 0.078125 0.0546875
1 0.4234375 0.88046875 0.015625 0.0171875
1 0.2984375 0.85625 0.021875 0.0171875
1 0.2453125 0.8078125 0.0296875 0.0234375
1 0.55703125 0.853125 0.0203125 0.021875