4 0.51171875 0.2984375 0.0203125 0.01875
4 0.459375 0.3421875 0.028125 0.015625
4 0.55625 0.3828125 0.01875 0.0125
4 0.4296875 0.50703125 0.021875 0.0203125
4 0.64140625 0.49765625 0.0234375 0.0078125
4 0.4953125 0.63984375 0.03125 0.0171875
4 0.59609375 0.640625 0.0171875 0.0125
1 0.390625 0.60703125 0.0125 0.0109375
1 0.55 0.5640625 0.015625 0.00625
1 0.5390625 0.50859375 0.028125 0.0140625
1 0.56875 0.33984375 0.021875 0.0140625
0 0.5328125 0.33984375 0.0125 0.0109375
4 0.63984375 0.51875 0.0171875 0.009375
0 0.440625 0.5234375 0.0125 0.00625
0 0.38828125 0.50390625 0.0078125 0.0046875
0 0.38515625 0.521875 0.0109375 0.00625
4 0.55390625 0.34296875 0.0078125 0.0109375