0 0.49765625 0.5484375 0.025 0.03125
0 0.7078125 0.603125 0.021875 0.0265625
0 0.73515625 0.7046875 0.034375 0.0234375
0 0.30234375 0.540625 0.021875 0.01875
0 0.46796875 0.303125 0.0328125 0.0234375
1 0.553125 0.28515625 0.0203125 0.015625
1 0.57890625 0.2578125 0.03125 0.01875
1 0.4828125 0.4796875 0.028125 0.028125
1 0.49609375 0.59765625 0.0703125 0.040625
1 0.43671875 0.87734375 0.0140625 0.015625
1 0.559375 0.8953125 0.0203125 0.0109375
1 0.625 0.8703125 0.025 0.0171875
1 0.321875 0.8015625 0.0171875 0.01875