4 0.5984375 0.53984375 0.01875 0.0171875
0 0.32265625 0.615625 0.0171875 0.015625
0 0.31171875 0.5890625 0.0203125 0.0125
4 0.40703125 0.31796875 0.0421875 0.0328125
4 0.36796875 0.23671875 0.0265625 0.0140625
0 0.3921875 0.271875 0.015625 0.0125
0 0.475 0.4546875 0.015625 0.0125
4 0.553125 0.69296875 0.025 0.0171875
4 0.52109375 0.79921875 0.0296875 0.0203125
1 0.490625 0.55546875 0.059375 0.0359375
5 0.4421875 0.4953125 0.040625 0.046875
5 0.54609375 0.4921875 0.0359375 0.05
4 0.51796875 0.365625 0.0234375 0.021875