0 0.525 0.5453125 0.034375 0.0375
0 0.73828125 0.4953125 0.0296875 0.03125
0 0.81015625 0.57265625 0.0390625 0.0328125
0 0.346875 0.63125 0.028125 0.025
0 0.3828125 0.34296875 0.0375 0.0328125
1 0.45 0.284375 0.025 0.021875
1 0.45859375 0.24765625 0.0359375 0.0296875
1 0.478125 0.4921875 0.0375 0.0375
1 0.54765625 0.58984375 0.0828125 0.0609375
1 0.62578125 0.8671875 0.0171875 0.01875
1 0.7453125 0.82578125 0.025 0.0171875
1 0.790625 0.771875 0.03125 0.025
1 0.4890625 0.8546875 0.021875 0.021875