0 0.48671875 0.546875 0.03125 0.0359375
0 0.67890625 0.646875 0.028125 0.03125
0 0.68359375 0.75234375 0.0390625 0.03125
0 0.2984375 0.49453125 0.025 0.0234375
0 0.51328125 0.3015625 0.0375 0.03125
1 0.6 0.30234375 0.0234375 0.0203125
1 0.63203125 0.28125 0.034375 0.025
1 0.48828125 0.47578125 0.034375 0.034375
1 0.47421875 0.59453125 0.078125 0.0546875
1 0.353125 0.853125 0.0171875 0.01875
1 0.46875 0.89921875 0.021875 0.015625
1 0.53828125 0.8890625 0.028125 0.0234375
1 0.25859375 0.75390625 0.021875 0.021875