4 0.37578125 0.53984375 0.0234375 0.0203125
0 0.65 0.63515625 0.0203125 0.0203125
0 0.66328125 0.609375 0.0234375 0.015625
4 0.5859375 0.328125 0.0484375 0.040625
4 0.63125 0.24765625 0.028125 0.01875
0 0.6046875 0.28203125 0.01875 0.0171875
0 0.50703125 0.46328125 0.0171875 0.0140625
4 0.4109375 0.696875 0.0296875 0.021875
4 0.43515625 0.80859375 0.034375 0.025
1 0.4828125 0.5640625 0.065625 0.046875
5 0.5375 0.50546875 0.0515625 0.0546875
5 0.43125 0.49453125 0.0453125 0.05625
4 0.46796875 0.36796875 0.0265625 0.0265625