0 0.503125 0.54765625 0.025 0.03125
0 0.71875 0.57265625 0.021875 0.0265625
0 0.76171875 0.66953125 0.034375 0.0234375
0 0.30859375 0.5671875 0.021875 0.01875
0 0.44140625 0.309375 0.0328125 0.0234375
1 0.52265625 0.27890625 0.01875 0.015625
1 0.54375 0.2484375 0.03125 0.01875
1 0.4796875 0.48125 0.028125 0.028125
1 0.509375 0.596875 0.0703125 0.0375
1 0.4890625 0.88125 0.0125 0.0140625
1 0.61328125 0.88359375 0.0203125 0.0109375
1 0.67421875 0.84921875 0.025 0.0171875
1 0.36484375 0.82421875 0.0171875 0.01875