4 0.59921875 0.53828125 0.01875 0.0171875
0 0.325 0.61875 0.0171875 0.015625
0 0.31328125 0.5921875 0.0203125 0.0125
4 0.40390625 0.31953125 0.0421875 0.0328125
4 0.36328125 0.2390625 0.0265625 0.0140625
0 0.38828125 0.2734375 0.015625 0.0125
0 0.47421875 0.45546875 0.015625 0.0125
4 0.55625 0.6921875 0.025 0.0171875
4 0.5265625 0.7984375 0.0296875 0.0203125
1 0.49140625 0.55546875 0.059375 0.0375
5 0.4421875 0.49609375 0.0421875 0.046875
5 0.54609375 0.49140625 0.0375 0.05
4 0.515625 0.365625 0.0234375 0.021875