0 0.51015625 0.55078125 0.034375 0.0375
0 0.728125 0.56953125 0.0296875 0.0328125
0 0.7734375 0.665625 0.040625 0.0328125
0 0.3140625 0.5765625 0.028125 0.0265625
0 0.4375 0.3140625 0.0390625 0.0328125
1 0.51953125 0.28046875 0.0265625 0.0234375
1 0.5390625 0.246875 0.0375 0.0296875
1 0.48203125 0.48515625 0.0390625 0.0390625
1 0.5171875 0.59921875 0.084375 0.0625
1 0.50625 0.88671875 0.0171875 0.01875
1 0.63203125 0.88515625 0.025 0.01875
1 0.69296875 0.8484375 0.03125 0.0265625
1 0.38046875 0.8328125 0.021875 0.0234375