0 0.50859375 0.546875 0.028125 0.0328125
0 0.72578125 0.55 0.0234375 0.028125
0 0.778125 0.64140625 0.0359375 0.0265625
0 0.31640625 0.58671875 0.0234375 0.0203125
0 0.421875 0.31640625 0.034375 0.0265625
1 0.5 0.278125 0.0203125 0.0171875
1 0.5171875 0.2453125 0.03125 0.021875
1 0.47734375 0.48359375 0.0296875 0.0296875
1 0.51953125 0.5953125 0.0734375 0.0453125
1 0.52890625 0.88046875 0.0140625 0.015625
1 0.65234375 0.86953125 0.021875 0.0125
1 0.709375 0.82890625 0.025 0.01875
1 0.4 0.8359375 0.01875 0.01875