0 0.51640625 0.54609375 0.03125 0.0359375
0 0.73125 0.5140625 0.0265625 0.03125
0 0.79609375 0.59609375 0.0390625 0.0328125
0 0.33359375 0.61484375 0.025 0.0234375
0 0.3953125 0.33046875 0.0375 0.03125
1 0.465625 0.28125 0.0234375 0.0203125
1 0.478125 0.2453125 0.034375 0.025
1 0.4765625 0.48828125 0.034375 0.034375
1 0.534375 0.59140625 0.078125 0.0546875
1 0.58828125 0.871875 0.0171875 0.01875
1 0.70859375 0.84140625 0.0234375 0.015625
1 0.759375 0.79296875 0.028125 0.021875
1 0.45390625 0.8484375 0.0203125 0.021875