0 0.50390625 0.55078125 0.0296875 0.0328125
0 0.29140625 0.61484375 0.0265625 0.028125
0 0.2671875 0.71796875 0.0375 0.0296875
0 0.703125 0.53515625 0.025 0.0234375
0 0.5234375 0.3015625 0.034375 0.028125
1 0.4375 0.2859375 0.0234375 0.01875
1 0.41015625 0.25703125 0.0328125 0.0234375
1 0.51640625 0.4796875 0.034375 0.0328125
1 0.50625 0.6 0.078125 0.0515625
1 0.578125 0.88046875 0.0140625 0.015625
1 0.453125 0.90625 0.021875 0.015625
1 0.3859375 0.8828125 0.0296875 0.021875
1 0.690625 0.803125 0.0203125 0.021875