4 0.590625 0.55546875 0.021875 0.0203125
0 0.3078125 0.5875 0.01875 0.01875
0 0.3 0.559375 0.021875 0.015625
4 0.4375 0.30546875 0.046875 0.0390625
4 0.4109375 0.2203125 0.028125 0.01875
0 0.42890625 0.25859375 0.0171875 0.0140625
0 0.48203125 0.45234375 0.0171875 0.0140625
4 0.5234375 0.69921875 0.028125 0.0203125
4 0.47421875 0.8 0.0328125 0.025
1 0.48203125 0.55390625 0.0640625 0.0453125
5 0.44375 0.4859375 0.046875 0.053125
5 0.546875 0.49921875 0.04375 0.0546875
4 0.53984375 0.3703125 0.0265625 0.025