4 0.51875 0.29921875 0.0203125 0.01875
4 0.46484375 0.340625 0.028125 0.0171875
4 0.56015625 0.38515625 0.01875 0.0125
4 0.4296875 0.5046875 0.021875 0.0203125
4 0.64140625 0.50234375 0.0234375 0.009375
4 0.490625 0.63984375 0.03125 0.01875
4 0.59140625 0.64375 0.0171875 0.0125
1 0.38671875 0.603125 0.0125 0.0109375
1 0.54765625 0.565625 0.015625 0.00625
1 0.5390625 0.51015625 0.028125 0.015625
1 0.57421875 0.3421875 0.021875 0.0140625
0 0.53828125 0.34140625 0.0125 0.0109375
4 0.6390625 0.5234375 0.0171875 0.009375
0 0.43984375 0.52109375 0.0125 0.00625
0 0.38828125 0.5 0.0078125 0.0046875
0 0.384375 0.51796875 0.0109375 0.00625
4 0.559375 0.3453125 0.0078125 0.0109375