0 0.5328125 0.540625 0.040625 0.0421875
0 0.73359375 0.45390625 0.034375 0.0359375
0 0.81796875 0.51796875 0.04375 0.0390625
0 0.371875 0.65546875 0.0328125 0.0296875
0 0.35703125 0.365625 0.0421875 0.0390625
1 0.41328125 0.29609375 0.028125 0.0265625
1 0.415625 0.25859375 0.040625 0.0359375
1 0.47734375 0.49609375 0.04375 0.04375
1 0.5625 0.58046875 0.0921875 0.075
1 0.6875 0.83984375 0.0203125 0.021875
1 0.7984375 0.778125 0.028125 0.021875
1 0.83359375 0.7171875 0.034375 0.0296875
1 0.55078125 0.8515625 0.025 0.025