4 0.3890625 0.56875 0.021875 0.01875
0 0.678125 0.5953125 0.01875 0.01875
0 0.684375 0.5671875 0.0234375 0.0140625
4 0.54140625 0.3125 0.046875 0.0375
4 0.565625 0.2234375 0.028125 0.015625
0 0.54921875 0.2625 0.01875 0.015625
0 0.4984375 0.4625 0.0171875 0.0140625
4 0.46171875 0.7125 0.028125 0.01875
4 0.51171875 0.81484375 0.0328125 0.0234375
1 0.4984375 0.565625 0.0640625 0.0421875
5 0.5375 0.49609375 0.0484375 0.0515625
5 0.43203125 0.51171875 0.0421875 0.0546875
4 0.43671875 0.37890625 0.025 0.025