4 0.584375 0.56484375 0.0234375 0.021875
0 0.3 0.5671875 0.0203125 0.0203125
0 0.29453125 0.53828125 0.0234375 0.0171875
4 0.4578125 0.3 0.05 0.04375
4 0.440625 0.2125 0.0296875 0.021875
0 0.4546875 0.25234375 0.01875 0.015625
0 0.4875 0.45078125 0.01875 0.015625
4 0.50234375 0.70078125 0.0296875 0.0234375
4 0.44296875 0.7953125 0.0359375 0.028125
1 0.4765625 0.5515625 0.06875 0.0515625
5 0.4453125 0.48046875 0.0515625 0.0578125
5 0.546875 0.50390625 0.05 0.059375
4 0.553125 0.375 0.0296875 0.028125