4 0.38359375 0.55859375 0.0203125 0.0171875
0 0.66953125 0.61015625 0.0171875 0.0171875
0 0.678125 0.5828125 0.021875 0.0125
4 0.5578125 0.3171875 0.04375 0.034375
4 0.58984375 0.23046875 0.0265625 0.0140625
0 0.56953125 0.26796875 0.0171875 0.0140625
0 0.5015625 0.4625 0.015625 0.0125
4 0.44296875 0.70859375 0.0265625 0.0171875
4 0.484375 0.81484375 0.03125 0.0203125
1 0.49296875 0.565625 0.0609375 0.0375
5 0.5375 0.49921875 0.04375 0.0484375
5 0.43125 0.50546875 0.0375 0.0515625
4 0.44765625 0.37421875 0.0234375 0.0234375