0 0.51328125 0.546875 0.0296875 0.034375
0 0.7296875 0.53046875 0.025 0.0296875
0 0.7890625 0.61640625 0.0375 0.0296875
0 0.32578125 0.603125 0.0234375 0.021875
0 0.40703125 0.3234375 0.0359375 0.028125
1 0.48125 0.2796875 0.021875 0.01875
1 0.49609375 0.24453125 0.0328125 0.0234375
1 0.47734375 0.48671875 0.0328125 0.0328125
1 0.528125 0.59375 0.075 0.05
1 0.5625 0.87734375 0.015625 0.0171875
1 0.684375 0.85546875 0.021875 0.0140625
1 0.73828125 0.81015625 0.0265625 0.0203125
1 0.4296875 0.84453125 0.01875 0.0203125