0 0.5046875 0.5515625 0.03125 0.034375
0 0.71953125 0.59296875 0.0265625 0.0296875
0 0.7546875 0.69296875 0.0375 0.0296875
0 0.30703125 0.55703125 0.0265625 0.0234375
0 0.45703125 0.30859375 0.0359375 0.0296875
1 0.5421875 0.28359375 0.025 0.0203125
1 0.565625 0.25234375 0.034375 0.0265625
1 0.48359375 0.48359375 0.0359375 0.0359375
1 0.50703125 0.60078125 0.0796875 0.0546875
1 0.465625 0.88515625 0.015625 0.0171875
1 0.59140625 0.896875 0.0234375 0.015625
1 0.65546875 0.86640625 0.0296875 0.0234375
1 0.34609375 0.81875 0.0203125 0.021875